%	Date:	2016-12-19	Time:	16:46:01
%	Sampling frequency		[Hz]:	50000
%	Generator amplitude		[V]:	1.0000
%	Settle time		[s]:	0.025000
%	Settle cycles:			5
%	Integration time		[s]:	0.025000
%	Integration cycles:			5
% Freq.	Amplitude	Phase	THD	HD 2	HD 3	HD 4	HD 5
% [Hz]	[dB]	[deg]	[%]	[dB ref fund]	[dB ref fund]	[dB ref fund]	[dB ref fund]
1.0000E+1	-7.4476E+1	5.6295E+1	5.2647E+0	-3.1279E+1	-3.6943E+1	-3.4891E+1	-2.8238E+1
1.0798E+1	-7.3942E+1	5.1345E+1	2.5845E+0	-3.7704E+1	-3.8796E+1	-4.3842E+1	-3.4880E+1
1.1660E+1	-7.3522E+1	5.0536E+1	3.3647E+0	-3.5462E+1	-3.3119E+1	-3.4676E+1	-4.7131E+1
1.2590E+1	-7.3049E+1	4.7559E+1	4.7559E+0	-3.5594E+1	-3.1673E+1	-2.9224E+1	-3.9584E+1
1.3595E+1	-7.2863E+1	4.5722E+1	2.4481E+0	-3.5722E+1	-3.9775E+1	-3.7679E+1	-4.2552E+1
1.4680E+1	-7.2559E+1	4.1949E+1	2.8715E+0	-3.5324E+1	-3.3882E+1	-3.9728E+1	-4.8089E+1
1.5851E+1	-7.2214E+1	4.0955E+1	3.0856E+0	-5.1809E+1	-3.6034E+1	-3.8744E+1	-3.2497E+1
1.7116E+1	-7.2249E+1	3.7966E+1	3.1483E+0	-4.0190E+1	-3.1071E+1	-4.3069E+1	-4.1893E+1
1.8482E+1	-7.2042E+1	3.5993E+1	2.4839E+0	-3.5142E+1	-3.9491E+1	-4.5965E+1	-3.7614E+1
1.9957E+1	-7.1563E+1	3.4669E+1	2.5510E+0	-3.6932E+1	-5.7322E+1	-3.3818E+1	-4.5074E+1
2.1550E+1	-7.1462E+1	3.3486E+1	2.0201E+0	-3.7362E+1	-4.1930E+1	-3.8568E+1	-4.6704E+1
2.3269E+1	-7.1238E+1	3.1627E+1	3.5270E+0	-2.9692E+1	-4.1717E+1	-4.0737E+1	-4.7280E+1
2.5126E+1	-7.0987E+1	2.8956E+1	2.3414E+0	-3.3587E+1	-4.3213E+1	-4.2417E+1	-5.2741E+1
2.7131E+1	-7.0912E+1	2.6631E+1	2.3836E+0	-5.7479E+1	-3.9425E+1	-4.9909E+1	-3.3546E+1
2.9296E+1	-7.0984E+1	2.4866E+1	3.1538E+0	-3.2213E+1	-4.7236E+1	-3.5101E+1	-4.1801E+1
3.1634E+1	-7.1000E+1	2.5486E+1	1.9781E+0	-5.1141E+1	-3.7079E+1	-4.4249E+1	-3.8238E+1
3.4159E+1	-7.0611E+1	2.3022E+1	3.5825E+0	-3.0560E+1	-3.7769E+1	-4.7160E+1	-3.6614E+1
3.6884E+1	-7.0505E+1	2.1890E+1	2.8086E+0	-3.5369E+1	-3.6089E+1	-4.0499E+1	-3.7875E+1
3.9828E+1	-7.0449E+1	1.9606E+1	3.8789E+0	-3.0440E+1	-3.7171E+1	-3.5784E+1	-3.8385E+1
4.3006E+1	-7.0661E+1	2.2074E+1	4.6712E+0	-3.9075E+1	-2.9503E+1	-3.6419E+1	-3.1494E+1
4.6438E+1	-7.0520E+1	1.8568E+1	3.3888E+0	-3.8937E+1	-3.1378E+1	-3.5500E+1	-4.9679E+1
5.0144E+1	-7.0461E+1	1.5916E+1	4.0225E+0	-3.0320E+1	-3.6997E+1	-3.6387E+1	-3.5854E+1
5.4145E+1	-6.9944E+1	1.4631E+1	3.3689E+0	-3.5040E+1	-3.6792E+1	-3.7963E+1	-3.3444E+1
5.8466E+1	-7.0065E+1	1.4826E+1	2.8623E+0	-4.9096E+1	-3.3667E+1	-4.4126E+1	-3.4705E+1
6.3132E+1	-7.0093E+1	1.3235E+1	3.0388E+0	-4.9502E+1	-3.3839E+1	-3.3641E+1	-4.1760E+1
6.8170E+1	-7.0021E+1	1.1669E+1	2.5760E+0	-3.5434E+1	-4.0628E+1	-4.0589E+1	-3.6913E+1
7.3610E+1	-7.0017E+1	1.2132E+1	3.9705E+0	-3.7490E+1	-3.8050E+1	-3.2595E+1	-3.1602E+1
7.9484E+1	-7.0078E+1	1.0992E+1	3.0488E+0	-3.3892E+1	-3.9857E+1	-3.8805E+1	-3.5431E+1
8.5827E+1	-6.9620E+1	1.1398E+1	3.9432E+0	-3.3933E+1	-3.2573E+1	-4.1312E+1	-3.2809E+1
9.2676E+1	-6.9868E+1	9.3398E+0	4.3635E+0	-4.5567E+1	-4.1268E+1	-3.7404E+1	-2.7905E+1
1.0007E+2	-6.9691E+1	9.0061E+0	3.6569E+0	-3.0728E+1	-3.9969E+1	-3.6292E+1	-3.8065E+1
1.0806E+2	-6.9778E+1	9.0463E+0	4.5568E+0	-3.6353E+1	-2.9203E+1	-3.6092E+1	-3.4007E+1
1.1668E+2	-6.9898E+1	8.4849E+0	4.4655E+0	-3.3481E+1	-3.8235E+1	-3.1325E+1	-3.1816E+1
1.2599E+2	-6.9603E+1	8.1325E+0	3.7647E+0	-4.2974E+1	-4.3352E+1	-3.1383E+1	-3.2267E+1
1.3605E+2	-6.9687E+1	7.6361E+0	3.0044E+0	-3.7745E+1	-4.1699E+1	-3.2641E+1	-3.9118E+1
1.4690E+2	-6.9602E+1	5.9811E+0	4.2126E+0	-3.1790E+1	-3.4500E+1	-5.1114E+1	-3.1250E+1
1.5863E+2	-6.9926E+1	7.4873E+0	7.1262E+0	-2.8938E+1	-2.5392E+1	-3.4460E+1	-3.2568E+1
1.7128E+2	-6.9494E+1	4.4051E+0	4.1264E+0	-3.7812E+1	-3.8390E+1	-2.8841E+1	-4.0633E+1
1.8495E+2	-6.9698E+1	4.6668E+0	7.1691E+0	-2.9045E+1	-2.7061E+1	-3.1206E+1	-2.9322E+1
1.9971E+2	-6.9560E+1	4.0839E+0	2.4059E+0	-3.9512E+1	-3.9240E+1	-3.7815E+1	-3.7388E+1
2.1565E+2	-6.9631E+1	3.3605E+0	5.8363E+0	-3.3316E+1	-2.5621E+1	-3.7618E+1	-4.5857E+1
2.3286E+2	-6.9587E+1	9.2586E-1	6.1488E+0	-3.3668E+1	-3.5554E+1	-2.8422E+1	-2.7865E+1
2.5144E+2	-6.9533E+1	3.3077E+0	2.9677E+0	-4.0316E+1	-4.6735E+1	-3.2401E+1	-3.7184E+1
2.7151E+2	-6.9558E+1	-1.9090E+0	5.2367E+0	-4.2899E+1	-3.5497E+1	-2.6516E+1	-3.7478E+1
2.9317E+2	-6.9589E+1	-1.0930E+0	5.7288E+0	-3.3935E+1	-3.8714E+1	-2.6737E+1	-3.2053E+1
3.1657E+2	-6.9591E+1	-1.5562E-1	5.4579E+0	-3.2537E+1	-3.6753E+1	-2.9251E+1	-2.9906E+1
3.4183E+2	-6.9421E+1	5.8139E-1	4.6589E+0	-3.7956E+1	-2.9481E+1	-3.7215E+1	-3.1589E+1
3.6911E+2	-6.9340E+1	9.7713E-1	6.0600E+0	-3.1740E+1	-2.8444E+1	-2.9417E+1	-3.3686E+1
3.9857E+2	-6.9828E+1	-1.7653E+0	5.1414E+0	-3.6216E+1	-2.8880E+1	-3.1674E+1	-3.3665E+1
4.3037E+2	-6.9628E+1	-1.8027E+0	6.4461E+0	-2.6612E+1	-2.9984E+1	-3.3001E+1	-3.3290E+1
4.6472E+2	-6.9666E+1	-4.0593E+0	6.1002E+0	-2.9254E+1	-2.7714E+1	-3.6536E+1	-3.2084E+1
5.0180E+2	-6.9566E+1	-3.2751E+0	6.1331E+0	-2.7316E+1	-2.9205E+1	-3.6782E+1	-3.3047E+1
5.4184E+2	-6.9613E+1	-3.4846E+0	4.7962E+0	-3.5764E+1	-2.9820E+1	-3.0069E+1	-5.0648E+1
5.8508E+2	-6.9651E+1	-1.2610E+0	4.8781E+0	-2.8528E+1	-3.7383E+1	-3.7818E+1	-3.2019E+1
6.3177E+2	-6.9616E+1	-5.0228E+0	7.2241E+0	-3.0029E+1	-2.6270E+1	-2.7794E+1	-3.6934E+1
6.8219E+2	-6.9674E+1	-4.3886E+0	5.1407E+0	-3.9903E+1	-2.8150E+1	-5.6513E+1	-2.9969E+1
7.3663E+2	-7.0022E+1	-4.6809E+0	6.9471E+0	-2.7431E+1	-3.8273E+1	-2.8745E+1	-2.8137E+1
7.9541E+2	-6.9549E+1	-3.8827E+0	5.3680E+0	-3.4239E+1	-4.0924E+1	-2.9446E+1	-2.8901E+1
8.5889E+2	-6.9646E+1	-7.3371E+0	4.4618E+0	-3.7416E+1	-4.3849E+1	-3.2087E+1	-2.9394E+1
9.2743E+2	-6.9805E+1	-4.9735E+0	4.4526E+0	-3.1671E+1	-3.8444E+1	-4.1582E+1	-2.9628E+1
1.0014E+3	-6.9773E+1	-6.3063E+0	5.7131E+0	-2.8156E+1	-3.2398E+1	-2.9824E+1	-3.9290E+1
1.0814E+3	-6.9935E+1	-6.8984E+0	3.6582E+0	-3.0986E+1	-3.3600E+1	-4.3668E+1	-4.2090E+1
1.1676E+3	-6.9622E+1	-8.5459E+0	6.2056E+0	-2.9707E+1	-3.0851E+1	-2.7878E+1	-3.4829E+1
1.2608E+3	-6.9536E+1	-9.6478E+0	5.5361E+0	-3.4393E+1	-2.8885E+1	-4.7490E+1	-2.8567E+1
1.3614E+3	-6.9726E+1	-9.0490E+0	4.4739E+0	-3.2939E+1	-2.8907E+1	-4.8477E+1	-3.7145E+1
1.4701E+3	-6.9882E+1	-1.0801E+1	3.6330E+0	-6.4975E+1	-3.0511E+1	-3.7716E+1	-3.5827E+1
1.5874E+3	-6.9552E+1	-1.0218E+1	3.9946E+0	-3.5226E+1	-4.6456E+1	-2.9796E+1	-3.6481E+1
1.7141E+3	-6.9779E+1	-1.0347E+1	4.0245E+0	-3.8956E+1	-3.1954E+1	-3.2008E+1	-3.6478E+1
1.8509E+3	-6.9487E+1	-1.3242E+1	6.3396E+0	-3.0629E+1	-2.9492E+1	-3.1223E+1	-2.8945E+1
1.9986E+3	-6.9831E+1	-1.4634E+1	7.0277E+0	-2.9421E+1	-3.8968E+1	-3.1536E+1	-2.5276E+1
2.1581E+3	-6.9666E+1	-1.7451E+1	6.3587E+0	-3.1005E+1	-3.1143E+1	-4.3940E+1	-2.6125E+1
2.3303E+3	-6.9560E+1	-1.7763E+1	6.2756E+0	-3.1880E+1	-3.1305E+1	-2.9182E+1	-2.8722E+1
2.5162E+3	-6.9295E+1	-1.7202E+1	5.9322E+0	-3.2879E+1	-2.7900E+1	-3.2934E+1	-3.0590E+1
2.7170E+3	-6.9331E+1	-2.2107E+1	4.0847E+0	-3.3072E+1	-3.7831E+1	-3.1924E+1	-3.4334E+1
2.9338E+3	-6.9516E+1	-2.0700E+1	5.4205E+0	-3.1847E+1	-3.3190E+1	-2.9252E+1	-3.2097E+1
3.1680E+3	-6.9461E+1	-2.1510E+1	5.2121E+0	-2.7778E+1	-3.8543E+1	-3.7361E+1	-3.1395E+1
3.4208E+3	-6.9064E+1	-2.3794E+1	4.6773E+0	-3.3611E+1	-3.1078E+1	-3.0404E+1	-4.2150E+1
3.6938E+3	-6.9237E+1	-2.4856E+1	5.5790E+0	-2.8501E+1	-3.1528E+1	-3.1544E+1	-3.5284E+1
3.9885E+3	-6.9088E+1	-2.6540E+1	7.7334E+0	-3.0314E+1	-2.4953E+1	-2.7536E+1	-4.0460E+1
4.3068E+3	-6.9317E+1	-2.9464E+1	4.8686E+0	-2.9340E+1	-3.4540E+1	-3.1489E+1	-3.8389E+1
4.6505E+3	-6.9064E+1	-3.4069E+1	5.4012E+0	-3.4666E+1	-3.4122E+1	-3.3859E+1	-2.7502E+1
5.0216E+3	-6.8907E+1	-3.4240E+1	3.6389E+0	-3.0790E+1	-3.6851E+1	-3.5469E+1	NaN
5.4223E+3	-6.8605E+1	-3.3686E+1	2.8401E+0	-3.2701E+1	-3.7680E+1	-4.0043E+1	NaN
5.8550E+3	-6.8631E+1	-3.8037E+1	3.0567E+0	-3.0979E+1	-4.5133E+1	-3.9767E+1	NaN
6.3223E+3	-6.8689E+1	-4.1260E+1	4.1993E+0	-3.9695E+1	-2.7809E+1	NaN	NaN
6.8268E+3	-6.8086E+1	-4.2654E+1	4.2469E+0	-3.3383E+1	-2.8714E+1	NaN	NaN
7.3716E+3	-6.8299E+1	-4.6301E+1	2.5058E+0	-3.4643E+1	-3.5458E+1	NaN	NaN
7.9599E+3	-6.8035E+1	-4.8994E+1	5.0591E+0	-2.8172E+1	-2.9847E+1	NaN	NaN
8.5951E+3	-6.7845E+1	-5.1711E+1	9.1320E-1	-4.0789E+1	NaN	NaN	NaN
9.2810E+3	-6.7695E+1	-5.6027E+1	2.7359E+0	-3.1258E+1	NaN	NaN	NaN
1.0022E+4	-6.7603E+1	-5.5705E+1	1.5854E+0	-3.5997E+1	NaN	NaN	NaN
1.0821E+4	-6.6693E+1	-5.8791E+1	4.6898E-1	-4.6577E+1	NaN	NaN	NaN
1.1685E+4	-6.6625E+1	-6.2174E+1	2.0759E+0	-3.3656E+1	NaN	NaN	NaN
1.2617E+4	-6.6391E+1	-6.5720E+1	NaN	NaN	NaN	NaN	NaN
1.3624E+4	-6.5940E+1	-6.9713E+1	NaN	NaN	NaN	NaN	NaN
1.4711E+4	-6.5417E+1	-7.1462E+1	NaN	NaN	NaN	NaN	NaN
1.5885E+4	-6.5108E+1	-7.1747E+1	NaN	NaN	NaN	NaN	NaN
1.7153E+4	-6.4712E+1	-7.6499E+1	NaN	NaN	NaN	NaN	NaN
1.8522E+4	-6.4268E+1	-7.7151E+1	NaN	NaN	NaN	NaN	NaN
2.0000E+4	-6.3780E+1	-8.0727E+1	NaN	NaN	NaN	NaN	NaN
