%	Date:	2016-12-19	Time:	16:27:38
%	Sampling frequency		[Hz]:	50000
%	Generator amplitude		[V]:	1.0000
%	Settle time		[s]:	0.025000
%	Settle cycles:			5
%	Integration time		[s]:	0.025000
%	Integration cycles:			5
% Freq.	Amplitude	Phase	THD	HD 2	HD 3	HD 4	HD 5
% [Hz]	[dB]	[deg]	[%]	[dB ref fund]	[dB ref fund]	[dB ref fund]	[dB ref fund]
1.0000E+1	-1.0365E+1	3.2032E+1	2.0825E-1	-5.6611E+1	-9.2959E+1	-5.6673E+1	-8.5330E+1
1.0798E+1	-1.0210E+1	3.0065E+1	1.4746E-1	-5.6635E+1	-8.7680E+1	-8.5838E+1	-1.0301E+2
1.1660E+1	-1.0072E+1	2.8185E+1	1.4945E-1	-5.6863E+1	-7.0374E+1	-9.0149E+1	-7.0894E+1
1.2590E+1	-9.9467E+0	2.6394E+1	2.3850E-1	-5.7008E+1	-5.7451E+1	-8.7344E+1	-5.7221E+1
1.3595E+1	-9.8351E+0	2.4691E+1	1.4160E-1	-5.7084E+1	-7.6398E+1	-9.9022E+1	-7.6046E+1
1.4680E+1	-9.7347E+0	2.3073E+1	1.4115E-1	-5.7007E+1	-9.6764E+1	-1.0041E+2	-1.0530E+2
1.5851E+1	-9.6452E+0	2.1541E+1	1.2507E-1	-6.1249E+1	-8.3926E+1	-6.0914E+1	-9.9621E+1
1.7116E+1	-9.5660E+0	2.0089E+1	1.5665E-1	-5.9927E+1	-8.3198E+1	-5.8441E+1	-1.0353E+2
1.8482E+1	-9.4953E+0	1.8717E+1	1.5079E-1	-5.6547E+1	-9.4640E+1	-7.2334E+1	-9.5087E+1
1.9957E+1	-9.4327E+0	1.7421E+1	1.3388E-1	-5.7478E+1	-8.5143E+1	-8.8289E+1	-9.3783E+1
2.1550E+1	-9.3760E+0	1.6208E+1	1.3422E-1	-5.7497E+1	-7.6574E+1	-9.8813E+1	-1.1013E+2
2.3269E+1	-9.3240E+0	1.5091E+1	1.5902E-1	-5.7637E+1	-6.0941E+1	-9.8518E+1	-9.7393E+1
2.5126E+1	-9.2943E+0	1.3966E+1	1.8651E-1	-5.7178E+1	-5.8072E+1	-9.8268E+1	-8.3292E+1
2.7131E+1	-9.2440E+0	1.2982E+1	1.5788E-1	-5.7441E+1	-6.1614E+1	-9.6779E+1	-9.7540E+1
2.9296E+1	-9.2133E+0	1.1974E+1	1.3820E-1	-5.7311E+1	-7.3167E+1	-8.4082E+1	-9.7998E+1
3.1634E+1	-9.1824E+0	1.1068E+1	1.3564E-1	-5.7359E+1	-8.8163E+1	-9.0350E+1	-9.3769E+1
3.4159E+1	-9.1573E+0	1.0218E+1	1.3546E-1	-5.7366E+1	-9.1656E+1	-9.9565E+1	-9.7584E+1
3.6884E+1	-9.1358E+0	9.4153E+0	1.3476E-1	-5.7437E+1	-8.0931E+1	-9.8332E+1	-8.4463E+1
3.9828E+1	-9.1175E+0	8.6622E+0	1.2442E-1	-5.8110E+1	-8.9248E+1	-9.4590E+1	-8.9753E+1
4.3006E+1	-9.1016E+0	7.9527E+0	9.9944E-2	-6.0025E+1	-8.5807E+1	-9.5599E+1	-8.7561E+1
4.6438E+1	-9.0890E+0	7.2862E+0	1.2034E-1	-5.8400E+1	-9.2128E+1	-8.8150E+1	-9.2821E+1
5.0144E+1	-9.0788E+0	6.6563E+0	2.1788E-1	-5.3246E+1	-9.0102E+1	-8.0096E+1	-9.6263E+1
5.4145E+1	-9.0705E+0	6.0602E+0	1.9010E-1	-5.4423E+1	-9.2871E+1	-9.6551E+1	-8.8947E+1
5.8466E+1	-9.0649E+0	5.5032E+0	2.1018E-1	-5.3549E+1	-9.0186E+1	-1.0111E+2	-1.0000E+2
6.3132E+1	-9.0611E+0	4.9737E+0	1.8036E-1	-5.4883E+1	-8.7529E+1	-9.2847E+1	-8.7033E+1
6.8170E+1	-9.0594E+0	4.4753E+0	1.5043E-1	-5.6457E+1	-8.8475E+1	-9.6146E+1	-9.6944E+1
7.3610E+1	-9.0596E+0	4.0071E+0	1.5884E-1	-5.5989E+1	-8.5241E+1	-9.6029E+1	-8.7865E+1
7.9484E+1	-9.0616E+0	3.5628E+0	1.4947E-1	-5.6515E+1	-8.8497E+1	-8.9597E+1	-9.2419E+1
8.5827E+1	-9.0654E+0	3.1416E+0	1.4208E-1	-5.6965E+1	-8.4818E+1	-8.5874E+1	-8.8471E+1
9.2676E+1	-9.0709E+0	2.7477E+0	1.4593E-1	-5.6722E+1	-9.1037E+1	-8.9558E+1	-9.5287E+1
1.0007E+2	-9.0775E+0	2.3725E+0	1.5264E-1	-5.6330E+1	-9.0489E+1	-9.6109E+1	-9.3242E+1
1.0806E+2	-9.0867E+0	2.0201E+0	1.4315E-1	-5.6888E+1	-9.2797E+1	-9.2310E+1	-9.0905E+1
1.1668E+2	-9.0980E+0	1.6876E+0	1.5314E-1	-5.6308E+1	-9.3670E+1	-9.0091E+1	-8.4176E+1
1.2599E+2	-9.1115E+0	1.3850E+0	1.5383E-1	-5.6267E+1	-8.5014E+1	-9.0749E+1	-9.2904E+1
1.3605E+2	-9.1262E+0	1.0968E+0	1.5139E-1	-5.6402E+1	-9.7515E+1	-8.8568E+1	-9.2866E+1
1.4690E+2	-9.1423E+0	8.3152E-1	1.5423E-1	-5.6247E+1	-8.9600E+1	-8.3531E+1	-1.0500E+2
1.5863E+2	-9.1586E+0	5.8436E-1	1.4651E-1	-5.6689E+1	-1.0042E+2	-8.6168E+1	-9.3411E+1
1.7128E+2	-9.1756E+0	3.6434E-1	1.4362E-1	-5.6863E+1	-9.1153E+1	-9.7823E+1	-8.6474E+1
1.8495E+2	-9.1951E+0	1.6623E-1	1.5939E-1	-5.5957E+1	-8.5708E+1	-9.5551E+1	-9.1814E+1
1.9971E+2	-9.2147E+0	-9.9567E-3	1.4974E-1	-5.6502E+1	-8.4801E+1	-8.9495E+1	-9.6896E+1
2.1565E+2	-9.2389E+0	-1.6595E-1	1.5241E-1	-5.6341E+1	-9.4679E+1	-9.6312E+1	-9.7133E+1
2.3286E+2	-9.2600E+0	-2.9871E-1	1.5484E-1	-5.6205E+1	-8.8846E+1	-9.8364E+1	-9.7235E+1
2.5144E+2	-9.2837E+0	-4.0508E-1	1.5570E-1	-5.6161E+1	-8.5334E+1	-1.0268E+2	-9.0145E+1
2.7151E+2	-9.3046E+0	-4.9456E-1	1.5512E-1	-5.6194E+1	-8.4784E+1	-9.2419E+1	-9.2770E+1
2.9317E+2	-9.3272E+0	-5.6396E-1	1.5126E-1	-5.6412E+1	-8.6645E+1	-9.1703E+1	-9.2298E+1
3.1657E+2	-9.3474E+0	-6.1433E-1	1.4904E-1	-5.6540E+1	-9.2485E+1	-8.8774E+1	-8.9603E+1
3.4183E+2	-9.3686E+0	-6.4552E-1	1.4778E-1	-5.6612E+1	-8.9961E+1	-9.2266E+1	-9.2451E+1
3.6911E+2	-9.3877E+0	-6.6714E-1	1.5190E-1	-5.6371E+1	-9.6601E+1	-9.8380E+1	-9.0151E+1
3.9857E+2	-9.4042E+0	-6.7126E-1	1.4871E-1	-5.6564E+1	-8.5120E+1	-8.8241E+1	-8.9138E+1
4.3037E+2	-9.4216E+0	-6.6465E-1	1.4975E-1	-5.6494E+1	-9.6752E+1	-9.1959E+1	-1.0503E+2
4.6472E+2	-9.4368E+0	-6.4888E-1	1.5310E-1	-5.6308E+1	-8.9619E+1	-8.6657E+1	-9.1877E+1
5.0180E+2	-9.4503E+0	-6.2494E-1	1.4962E-1	-5.6509E+1	-8.5926E+1	-9.0286E+1	-9.0199E+1
5.4184E+2	-9.4628E+0	-5.9201E-1	1.4837E-1	-5.6576E+1	-9.2286E+1	-9.5065E+1	-9.3449E+1
5.8508E+2	-9.4734E+0	-5.5571E-1	1.4705E-1	-5.6656E+1	-8.8677E+1	-9.2541E+1	-9.2592E+1
6.3177E+2	-9.4831E+0	-5.1440E-1	1.4828E-1	-5.6587E+1	-8.5541E+1	-9.2175E+1	-9.1290E+1
6.8219E+2	-9.4912E+0	-4.6886E-1	1.4611E-1	-5.6716E+1	-8.3618E+1	-9.3984E+1	-9.8940E+1
7.3663E+2	-9.4992E+0	-4.2254E-1	1.4689E-1	-5.6666E+1	-9.1872E+1	-9.5352E+1	-8.7241E+1
7.9541E+2	-9.5053E+0	-3.7507E-1	1.4924E-1	-5.6524E+1	-9.4691E+1	-1.1274E+2	-9.2408E+1
8.5889E+2	-9.5105E+0	-3.2475E-1	1.4287E-1	-5.6911E+1	-8.5079E+1	-9.9966E+1	-8.9287E+1
9.2743E+2	-9.5151E+0	-2.7254E-1	1.4573E-1	-5.6737E+1	-9.4102E+1	-9.1507E+1	-8.5625E+1
1.0014E+3	-9.5176E+0	-2.2129E-1	1.4477E-1	-5.6800E+1	-1.0312E+2	-8.8801E+1	-8.2953E+1
1.0814E+3	-9.5208E+0	-1.6934E-1	1.4413E-1	-5.6829E+1	-9.2796E+1	-9.6792E+1	-8.8145E+1
1.1676E+3	-9.5222E+0	-1.1706E-1	1.4391E-1	-5.6843E+1	-8.7241E+1	-9.4749E+1	-9.5562E+1
1.2608E+3	-9.5231E+0	-6.7682E-2	1.4222E-1	-5.6945E+1	-8.9981E+1	-1.0031E+2	-9.1097E+1
1.3614E+3	-9.5235E+0	-1.3130E-2	1.4209E-1	-5.6953E+1	-9.5637E+1	-8.9022E+1	-9.4078E+1
1.4701E+3	-9.5224E+0	3.6594E-2	1.4698E-1	-5.6667E+1	-8.4006E+1	-8.9703E+1	-9.0321E+1
1.5874E+3	-9.5212E+0	8.2241E-2	1.4018E-1	-5.7070E+1	-8.9806E+1	-9.1032E+1	-1.0359E+2
1.7141E+3	-9.5182E+0	1.3298E-1	1.4233E-1	-5.6938E+1	-1.0494E+2	-8.9048E+1	-9.4227E+1
1.8509E+3	-9.5159E+0	1.7944E-1	1.4281E-1	-5.6913E+1	-9.2602E+1	-9.3143E+1	-8.5378E+1
1.9986E+3	-9.5120E+0	2.2115E-1	1.4092E-1	-5.7026E+1	-8.6052E+1	-9.9039E+1	-1.0232E+2
2.1581E+3	-9.5071E+0	2.6364E-1	1.3952E-1	-5.7109E+1	-9.3491E+1	-9.4270E+1	-9.6533E+1
2.3303E+3	-9.5017E+0	3.0569E-1	1.3924E-1	-5.7128E+1	-9.2879E+1	-9.7799E+1	-9.0770E+1
2.5162E+3	-9.4958E+0	3.4154E-1	1.3600E-1	-5.7333E+1	-8.9226E+1	-9.8367E+1	-1.0123E+2
2.7170E+3	-9.4893E+0	3.7261E-1	1.3621E-1	-5.7326E+1	-8.7751E+1	-8.6091E+1	-1.0799E+2
2.9338E+3	-9.4810E+0	3.9946E-1	1.3587E-1	-5.7343E+1	-9.2674E+1	-8.7196E+1	-1.0019E+2
3.1680E+3	-9.4724E+0	4.2118E-1	1.3479E-1	-5.7416E+1	-9.0735E+1	-8.6410E+1	-9.0986E+1
3.4208E+3	-9.4638E+0	4.3873E-1	1.3318E-1	-5.7524E+1	-8.4796E+1	-8.7219E+1	-9.9925E+1
3.6938E+3	-9.4537E+0	4.4448E-1	1.3218E-1	-5.7593E+1	-8.5447E+1	-8.4782E+1	-9.7797E+1
3.9885E+3	-9.4441E+0	4.4754E-1	1.3223E-1	-5.7575E+1	-1.0407E+2	-9.4652E+1	-9.8546E+1
4.3068E+3	-9.4340E+0	4.4168E-1	1.3184E-1	-5.7609E+1	-8.9505E+1	-8.8041E+1	-8.9279E+1
4.6505E+3	-9.4236E+0	4.2749E-1	1.3134E-1	-5.7635E+1	-8.9786E+1	-1.0007E+2	-9.7171E+1
5.0216E+3	-9.4126E+0	4.0358E-1	1.3138E-1	-5.7632E+1	-9.0567E+1	-9.5496E+1	NaN
5.4223E+3	-9.4018E+0	3.7208E-1	1.2564E-1	-5.8035E+1	-8.2196E+1	-9.2939E+1	NaN
5.8550E+3	-9.3917E+0	3.3242E-1	1.2678E-1	-5.7947E+1	-8.7875E+1	-8.8736E+1	NaN
6.3223E+3	-9.3813E+0	2.8343E-1	1.2361E-1	-5.8164E+1	-8.7044E+1	NaN	NaN
6.8268E+3	-9.3714E+0	2.2609E-1	1.2335E-1	-5.8179E+1	-9.1785E+1	NaN	NaN
7.3716E+3	-9.3621E+0	1.6307E-1	1.1836E-1	-5.8536E+1	-9.8052E+1	NaN	NaN
7.9599E+3	-9.3529E+0	9.0529E-2	1.1473E-1	-5.8812E+1	-8.7718E+1	NaN	NaN
8.5951E+3	-9.3451E+0	1.4658E-2	1.1436E-1	-5.8834E+1	NaN	NaN	NaN
9.2810E+3	-9.3371E+0	-7.0951E-2	1.1027E-1	-5.9151E+1	NaN	NaN	NaN
1.0022E+4	-9.3305E+0	-1.6265E-1	1.1136E-1	-5.9065E+1	NaN	NaN	NaN
1.0821E+4	-9.3240E+0	-2.5934E-1	1.0731E-1	-5.9387E+1	NaN	NaN	NaN
1.1685E+4	-9.3180E+0	-3.6022E-1	1.0540E-1	-5.9543E+1	NaN	NaN	NaN
1.2617E+4	-9.3117E+0	-4.6882E-1	NaN	NaN	NaN	NaN	NaN
1.3624E+4	-9.3070E+0	-5.8587E-1	NaN	NaN	NaN	NaN	NaN
1.4711E+4	-9.3018E+0	-7.0762E-1	NaN	NaN	NaN	NaN	NaN
1.5885E+4	-9.2971E+0	-8.3589E-1	NaN	NaN	NaN	NaN	NaN
1.7153E+4	-9.2934E+0	-9.7105E-1	NaN	NaN	NaN	NaN	NaN
1.8522E+4	-9.2889E+0	-1.1137E+0	NaN	NaN	NaN	NaN	NaN
2.0000E+4	-9.2848E+0	-1.2644E+0	NaN	NaN	NaN	NaN	NaN
