%	Date:	2016-12-09	Time:	15:21:21
%	Sampling frequency		[Hz]:	50000
%	Generator amplitude		[V]:	1.0000
%	Settle time		[s]:	0.025000
%	Settle cycles:			5
%	Integration time		[s]:	0.025000
%	Integration cycles:			5
% Freq.	Amplitude	Phase	THD	HD 2	HD 3	HD 4	HD 5
% [Hz]	[dB]	[deg]	[dB]	[dB ref fund]	[dB ref fund]	[dB ref fund]	[dB ref fund]
1.0000E+1	1.0298E+1	-6.6021E+0	-9.4843E+1	-1.0676E+2	-9.5661E+1	-1.2257E+2	-1.0460E+2
1.0723E+1	1.0277E+1	-7.0583E+0	-9.5258E+1	-1.0873E+2	-9.5679E+1	-1.2895E+2	-1.0853E+2
1.1498E+1	1.0252E+1	-7.5411E+0	-9.5115E+1	-1.0913E+2	-9.5470E+1	-1.2514E+2	-1.0934E+2
1.2328E+1	1.0224E+1	-8.0512E+0	-9.5646E+1	-1.1092E+2	-9.6178E+1	-1.1278E+2	-1.0743E+2
1.3219E+1	1.0192E+1	-8.5891E+0	-9.5932E+1	-1.1255E+2	-9.6192E+1	-1.2371E+2	-1.1053E+2
1.4175E+1	1.0155E+1	-9.1549E+0	-9.5434E+1	-1.0817E+2	-9.5981E+1	-1.2497E+2	-1.0737E+2
1.5199E+1	1.0114E+1	-9.7490E+0	-9.5187E+1	-1.0818E+2	-9.5647E+1	-1.3443E+2	-1.0818E+2
1.6298E+1	1.0068E+1	-1.0371E+1	-9.5365E+1	-1.0653E+2	-9.5874E+1	-1.2520E+2	-1.1016E+2
1.7475E+1	1.0016E+1	-1.1019E+1	-9.4235E+1	-1.0624E+2	-9.4634E+1	-1.1770E+2	-1.1116E+2
1.8738E+1	9.9573E+0	-1.1693E+1	-9.6141E+1	-1.0656E+2	-9.6817E+1	-1.2027E+2	-1.0920E+2
2.0092E+1	9.8919E+0	-1.2391E+1	-9.5337E+1	-1.0714E+2	-9.5792E+1	-1.2575E+2	-1.1024E+2
2.1544E+1	9.8190E+0	-1.3110E+1	-9.5362E+1	-1.0413E+2	-9.6112E+1	-1.2999E+2	-1.1132E+2
2.3101E+1	9.7380E+0	-1.3848E+1	-9.7249E+1	-1.0480E+2	-9.8319E+1	-1.2193E+2	-1.1132E+2
2.4771E+1	9.6485E+0	-1.4601E+1	-9.5958E+1	-1.0643E+2	-9.6774E+1	-1.1633E+2	-1.0735E+2
2.6561E+1	9.5501E+0	-1.5364E+1	-9.6420E+1	-1.0651E+2	-9.7280E+1	-1.2821E+2	-1.0734E+2
2.8480E+1	9.4423E+0	-1.6132E+1	-9.5217E+1	-1.0397E+2	-9.6184E+1	-1.1784E+2	-1.0738E+2
3.0539E+1	9.3250E+0	-1.6901E+1	-9.6306E+1	-1.0587E+2	-9.7246E+1	-1.1332E+2	-1.0824E+2
3.2745E+1	9.1979E+0	-1.7664E+1	-9.4566E+1	-1.0170E+2	-9.5733E+1	-1.2585E+2	-1.0840E+2
3.5112E+1	9.0611E+0	-1.8415E+1	-9.5063E+1	-1.0166E+2	-9.6464E+1	-1.1182E+2	-1.0953E+2
3.7649E+1	8.9147E+0	-1.9147E+1	-9.5308E+1	-1.0449E+2	-9.6234E+1	-1.0976E+2	-1.0982E+2
4.0370E+1	8.7591E+0	-1.9855E+1	-9.4058E+1	-9.8465E+1	-9.6300E+1	-1.1935E+2	-1.0827E+2
4.3288E+1	8.5947E+0	-2.0532E+1	-9.7019E+1	-1.0969E+2	-9.7409E+1	-1.1428E+2	-1.1586E+2
4.6416E+1	8.4221E+0	-2.1174E+1	-9.4526E+1	-9.9745E+1	-9.6187E+1	-1.1237E+2	-1.2587E+2
4.9770E+1	8.2421E+0	-2.1775E+1	-9.4941E+1	-1.0117E+2	-9.6405E+1	-1.1237E+2	-1.1022E+2
5.3367E+1	8.0556E+0	-2.2332E+1	-9.3589E+1	-9.6612E+1	-9.6825E+1	-1.1629E+2	-1.1029E+2
5.7224E+1	7.8634E+0	-2.2843E+1	-9.4044E+1	-9.8203E+1	-9.6209E+1	-1.1585E+2	-1.2058E+2
6.1359E+1	7.6666E+0	-2.3305E+1	-9.5592E+1	-1.0075E+2	-9.7508E+1	-1.1109E+2	-1.1186E+2
6.5793E+1	7.4657E+0	-2.3720E+1	-9.1821E+1	-9.3951E+1	-9.6704E+1	-1.0451E+2	-1.1228E+2
7.0548E+1	7.2620E+0	-2.4086E+1	-9.2997E+1	-9.5927E+1	-9.6674E+1	-1.2378E+2	-1.0515E+2
7.5646E+1	7.0561E+0	-2.4406E+1	-9.3085E+1	-9.4787E+1	-9.8223E+1	-1.1280E+2	-1.1444E+2
8.1113E+1	6.8485E+0	-2.4682E+1	-9.6181E+1	-1.0549E+2	-9.9573E+1	-1.0807E+2	-1.0062E+2
8.6975E+1	6.6399E+0	-2.4917E+1	-9.4029E+1	-9.7883E+1	-9.6505E+1	-1.1389E+2	-1.1309E+2
9.3260E+1	6.4305E+0	-2.5112E+1	-9.1780E+1	-9.2793E+1	-9.9864E+1	-1.0603E+2	-1.1003E+2
1.0000E+2	6.2207E+0	-2.5270E+1	-9.3526E+1	-9.6227E+1	-1.0019E+2	-1.0331E+2	-1.0199E+2
1.0723E+2	6.0106E+0	-2.5393E+1	-8.8469E+1	-8.8781E+1	-1.0172E+2	-1.0670E+2	-1.1010E+2
1.1498E+2	5.8003E+0	-2.5482E+1	-9.5504E+1	-1.0489E+2	-9.6114E+1	-1.1464E+2	-1.1967E+2
1.2328E+2	5.5898E+0	-2.5537E+1	-8.9845E+1	-9.0470E+1	-1.0092E+2	-1.1301E+2	-1.0275E+2
1.3219E+2	5.3791E+0	-2.5562E+1	-9.1090E+1	-9.4634E+1	-9.4864E+1	-1.0498E+2	-1.0120E+2
1.4175E+2	5.1684E+0	-2.5552E+1	-9.0990E+1	-9.2256E+1	-9.8655E+1	-1.0467E+2	-1.0508E+2
1.5199E+2	4.9576E+0	-2.5508E+1	-9.0596E+1	-9.1860E+1	-9.9262E+1	-1.1020E+2	-1.0036E+2
1.6298E+2	4.7470E+0	-2.5431E+1	-8.9610E+1	-9.0899E+1	-9.8355E+1	-1.0185E+2	-1.0157E+2
1.7475E+2	4.5370E+0	-2.5317E+1	-8.8026E+1	-8.8406E+1	-9.9272E+1	-1.2073E+2	-1.0885E+2
1.8738E+2	4.3276E+0	-2.5166E+1	-8.9387E+1	-9.0483E+1	-9.7349E+1	-1.0253E+2	-1.0773E+2
2.0092E+2	4.1194E+0	-2.4977E+1	-9.0868E+1	-9.4605E+1	-9.4448E+1	-1.0190E+2	-1.0310E+2
2.1544E+2	3.9128E+0	-2.4750E+1	-9.6645E+1	-9.9938E+1	-1.0126E+2	-1.0526E+2	-1.0980E+2
2.3101E+2	3.7082E+0	-2.4483E+1	-8.8623E+1	-9.0661E+1	-9.3681E+1	-1.0108E+2	-1.1121E+2
2.4771E+2	3.5061E+0	-2.4178E+1	-9.1105E+1	-9.7404E+1	-9.3096E+1	-1.0632E+2	-1.0097E+2
2.6561E+2	3.3069E+0	-2.3834E+1	-9.0868E+1	-9.4967E+1	-9.3246E+1	-1.0784E+2	-1.0994E+2
2.8480E+2	3.1113E+0	-2.3453E+1	-9.0578E+1	-9.5165E+1	-9.3500E+1	-1.0525E+2	-1.0025E+2
3.0539E+2	2.9195E+0	-2.3035E+1	-9.4298E+1	-9.8159E+1	-1.0079E+2	-1.0053E+2	-1.0328E+2
3.2745E+2	2.7322E+0	-2.2580E+1	-9.5051E+1	-1.0412E+2	-9.8078E+1	-1.0297E+2	-1.0169E+2
3.5112E+2	2.5495E+0	-2.2092E+1	-9.5390E+1	-1.0192E+2	-1.0151E+2	-1.1053E+2	-9.8381E+1
3.7649E+2	2.3722E+0	-2.1570E+1	-9.3970E+1	-1.0370E+2	-9.4980E+1	-1.1641E+2	-1.0417E+2
4.0370E+2	2.2004E+0	-2.1018E+1	-9.2846E+1	-9.9832E+1	-9.4335E+1	-1.1111E+2	-1.0409E+2
4.3288E+2	2.0348E+0	-2.0436E+1	-9.3448E+1	-9.5393E+1	-1.0020E+2	-1.0775E+2	-1.0293E+2
4.6416E+2	1.8757E+0	-1.9828E+1	-9.2467E+1	-1.1344E+2	-9.3784E+1	-1.0178E+2	-1.0111E+2
4.9770E+2	1.7234E+0	-1.9195E+1	-9.0174E+1	-9.7877E+1	-9.1552E+1	-1.0981E+2	-1.0057E+2
5.3367E+2	1.5784E+0	-1.8542E+1	-8.9608E+1	-9.2060E+1	-9.4563E+1	-1.1466E+2	-9.9248E+1
5.7224E+2	1.4410E+0	-1.7872E+1	-8.9163E+1	-9.8386E+1	-9.1094E+1	-1.0135E+2	-9.6635E+1
6.1359E+2	1.3113E+0	-1.7185E+1	-9.0980E+1	-1.0424E+2	-9.2042E+1	-9.8904E+1	-1.1168E+2
6.5793E+2	1.1897E+0	-1.6490E+1	-9.2988E+1	-9.8911E+1	-9.6060E+1	-1.0504E+2	-1.0022E+2
7.0548E+2	1.0762E+0	-1.5789E+1	-9.2463E+1	-1.0870E+2	-9.3462E+1	-1.0645E+2	-1.0095E+2
7.5646E+2	9.7073E-1	-1.5086E+1	-9.0874E+1	-9.8269E+1	-9.2173E+1	-1.0309E+2	-1.0876E+2
8.1113E+2	8.7330E-1	-1.4386E+1	-9.0700E+1	-1.0377E+2	-9.2327E+1	-1.0081E+2	-9.8505E+1
8.6975E+2	7.8364E-1	-1.3693E+1	-9.0911E+1	-1.0346E+2	-9.4620E+1	-9.5726E+1	-9.8148E+1
9.3260E+2	7.0178E-1	-1.3009E+1	-8.9800E+1	-1.0305E+2	-9.0761E+1	-9.8641E+1	-1.0666E+2
1.0000E+3	6.2711E-1	-1.2340E+1	-9.4680E+1	-1.1088E+2	-9.8495E+1	-9.8188E+1	-1.0408E+2
1.0723E+3	5.5952E-1	-1.1686E+1	-9.0423E+1	-9.6891E+1	-9.1967E+1	-1.0304E+2	-1.0767E+2
1.1498E+3	4.9840E-1	-1.1051E+1	-8.9581E+1	-9.4711E+1	-9.2240E+1	-9.9968E+1	-1.0184E+2
1.2328E+3	4.4343E-1	-1.0438E+1	-9.2653E+1	-1.0347E+2	-9.3286E+1	-1.0545E+2	-1.2780E+2
1.3219E+3	3.9417E-1	-9.8488E+0	-9.2822E+1	-1.0500E+2	-9.3703E+1	-1.1081E+2	-1.0252E+2
1.4175E+3	3.5006E-1	-9.2823E+0	-9.2538E+1	-1.0690E+2	-9.4572E+1	-1.0864E+2	-9.7587E+1
1.5199E+3	3.1079E-1	-8.7411E+0	-8.9181E+1	-1.0778E+2	-9.0190E+1	-1.0573E+2	-9.6837E+1
1.6298E+3	2.7588E-1	-8.2253E+0	-9.0383E+1	-1.0016E+2	-9.3061E+1	-1.0544E+2	-9.5283E+1
1.7475E+3	2.4494E-1	-7.7350E+0	-8.8950E+1	-1.0459E+2	-8.9387E+1	-1.0193E+2	-1.0641E+2
1.8738E+3	2.1748E-1	-7.2709E+0	-9.3638E+1	-1.0363E+2	-9.5765E+1	-1.0528E+2	-1.0024E+2
2.0092E+3	1.9329E-1	-6.8310E+0	-9.1211E+1	-1.0968E+2	-9.1749E+1	-1.0869E+2	-1.0195E+2
2.1544E+3	1.7197E-1	-6.4170E+0	-9.1057E+1	-1.0222E+2	-9.2051E+1	-9.9997E+1	-1.2293E+2
2.3101E+3	1.5307E-1	-6.0272E+0	-9.2528E+1	-9.9961E+1	-9.5443E+1	-9.7766E+1	-1.1299E+2
2.4771E+3	1.3651E-1	-5.6604E+0	-9.7209E+1	-1.0065E+2	-1.0572E+2	-1.0569E+2	-1.0298E+2
2.6561E+3	1.2195E-1	-5.3163E+0	-9.2506E+1	-1.0188E+2	-9.8271E+1	-9.6041E+1	-1.0004E+2
2.8480E+3	1.0918E-1	-4.9942E+0	-9.0033E+1	-1.1081E+2	-9.0951E+1	-9.8394E+1	-1.0444E+2
3.0539E+3	9.8066E-2	-4.6934E+0	-8.9563E+1	-9.7653E+1	-9.0500E+1	-1.0592E+2	-1.0757E+2
3.2745E+3	8.8177E-2	-4.4123E+0	-9.1322E+1	-9.9169E+1	-9.3093E+1	-1.0179E+2	-1.0223E+2
3.5112E+3	7.9556E-2	-4.1512E+0	-9.0478E+1	-1.1264E+2	-9.1389E+1	-9.8131E+1	-1.0991E+2
3.7649E+3	7.2079E-2	-3.9066E+0	-9.1685E+1	-1.0235E+2	-9.2901E+1	-1.0052E+2	-1.0729E+2
4.0370E+3	6.5484E-2	-3.6798E+0	-9.0281E+1	-9.2692E+1	-9.5432E+1	-1.0307E+2	-1.0196E+2
4.3288E+3	5.9585E-2	-3.4712E+0	-8.9244E+1	-1.1696E+2	-9.0125E+1	-1.0776E+2	-9.6992E+1
4.6416E+3	5.4631E-2	-3.2778E+0	-9.1308E+1	-1.0947E+2	-9.1712E+1	-1.0454E+2	-1.0714E+2
4.9770E+3	5.0038E-2	-3.0989E+0	-9.3924E+1	-1.1727E+2	-9.4886E+1	-1.0121E+2	-1.1522E+2
5.3367E+3	4.6357E-2	-2.9341E+0	-9.3321E+1	-1.0080E+2	-9.4747E+1	-1.0326E+2	NaN
5.7224E+3	4.2943E-2	-2.7834E+0	-9.2818E+1	-1.0270E+2	-9.4216E+1	-1.0045E+2	NaN
6.1359E+3	3.9934E-2	-2.6461E+0	-9.4519E+1	-1.1465E+2	-9.6071E+1	-9.9883E+1	NaN
6.5793E+3	3.7491E-2	-2.5200E+0	-9.6974E+1	-9.8940E+1	-1.0136E+2	NaN	NaN
7.0548E+3	3.5357E-2	-2.4072E+0	-9.4853E+1	-1.0240E+2	-9.5693E+1	NaN	NaN
7.5646E+3	3.3407E-2	-2.3054E+0	-9.0342E+1	-9.7639E+1	-9.1237E+1	NaN	NaN
8.1113E+3	3.1857E-2	-2.2138E+0	-9.8442E+1	-1.0455E+2	-9.9662E+1	NaN	NaN
8.6975E+3	3.0557E-2	-2.1323E+0	-1.0185E+2	-1.0185E+2	NaN	NaN	NaN
9.3260E+3	2.9512E-2	-2.0614E+0	-9.2638E+1	-9.2638E+1	NaN	NaN	NaN
1.0000E+4	2.8445E-2	-2.0007E+0	-9.6512E+1	-9.6512E+1	NaN	NaN	NaN
