%	Date:	2016-12-09	Time:	15:15:09
%	Sampling frequency		[Hz]:	50000
%	Generator amplitude		[V]:	1.0000
%	Settle time		[s]:	0.025000
%	Settle cycles:			5
%	Integration time		[s]:	0.025000
%	Integration cycles:			5
% Freq.	Amplitude	Phase	THD	HD 2	HD 3	HD 4	HD 5
% [Hz]	[dB]	[deg]	[dB]	[dB ref fund]	[dB ref fund]	[dB ref fund]	[dB ref fund]
1.0000E+1	2.6933E+0	-1.4768E+0	-9.4618E+1	-1.1195E+2	-9.4811E+1	-1.1450E+2	-1.1289E+2
1.0723E+1	2.6889E+0	-1.5848E+0	-9.2985E+1	-1.0540E+2	-9.3474E+1	-1.2041E+2	-1.0622E+2
1.1498E+1	2.6839E+0	-1.6989E+0	-9.4339E+1	-1.0450E+2	-9.5308E+1	-1.1255E+2	-1.0487E+2
1.2328E+1	2.6780E+0	-1.8192E+0	-9.3780E+1	-1.0682E+2	-9.4158E+1	-1.1328E+2	-1.1027E+2
1.3219E+1	2.6712E+0	-1.9464E+0	-9.3401E+1	-1.0492E+2	-9.4019E+1	-1.0745E+2	-1.0984E+2
1.4175E+1	2.6636E+0	-2.0803E+0	-9.4463E+1	-1.0191E+2	-9.5741E+1	-1.1381E+2	-1.0644E+2
1.5199E+1	2.6548E+0	-2.2207E+0	-9.5062E+1	-1.0708E+2	-9.5876E+1	-1.0817E+2	-1.0733E+2
1.6298E+1	2.6449E+0	-2.3681E+0	-9.3319E+1	-1.0393E+2	-9.3882E+1	-1.2533E+2	-1.0798E+2
1.7475E+1	2.6337E+0	-2.5222E+0	-9.3864E+1	-1.0235E+2	-9.4751E+1	-1.1346E+2	-1.0880E+2
1.8738E+1	2.6211E+0	-2.6826E+0	-9.3773E+1	-1.0320E+2	-9.4716E+1	-1.0964E+2	-1.0636E+2
2.0092E+1	2.6069E+0	-2.8492E+0	-9.2536E+1	-1.0640E+2	-9.3093E+1	-1.1127E+2	-1.0434E+2
2.1544E+1	2.5911E+0	-3.0214E+0	-9.5095E+1	-1.0429E+2	-9.5903E+1	-1.1988E+2	-1.0847E+2
2.3101E+1	2.5735E+0	-3.1988E+0	-9.2903E+1	-1.0407E+2	-9.3886E+1	-1.0469E+2	-1.0515E+2
2.4771E+1	2.5540E+0	-3.3807E+0	-9.3699E+1	-1.0069E+2	-9.5286E+1	-1.1411E+2	-1.0383E+2
2.6561E+1	2.5324E+0	-3.5659E+0	-9.3533E+1	-1.0682E+2	-9.4223E+1	-1.0649E+2	-1.0661E+2
2.8480E+1	2.5086E+0	-3.7538E+0	-9.3278E+1	-1.0503E+2	-9.3758E+1	-1.1168E+2	-1.0964E+2
3.0539E+1	2.4827E+0	-3.9432E+0	-9.4964E+1	-1.0359E+2	-9.6220E+1	-1.0665E+2	-1.0831E+2
3.2745E+1	2.4545E+0	-4.1323E+0	-9.2090E+1	-1.0171E+2	-9.3016E+1	-1.1515E+2	-1.0316E+2
3.5112E+1	2.4241E+0	-4.3203E+0	-9.4201E+1	-9.9936E+1	-9.5629E+1	-1.1775E+2	-1.1479E+2
3.7649E+1	2.3914E+0	-4.5056E+0	-9.4366E+1	-1.0933E+2	-9.5260E+1	-1.0536E+2	-1.0564E+2
4.0370E+1	2.3565E+0	-4.6872E+0	-9.2978E+1	-1.0017E+2	-9.4381E+1	-1.1248E+2	-1.0430E+2
4.3288E+1	2.3195E+0	-4.8639E+0	-9.3397E+1	-1.0202E+2	-9.4461E+1	-1.0799E+2	-1.0683E+2
4.6416E+1	2.2805E+0	-5.0338E+0	-9.2254E+1	-9.7424E+1	-9.4620E+1	-1.1469E+2	-1.0183E+2
4.9770E+1	2.2397E+0	-5.1962E+0	-9.4024E+1	-1.0375E+2	-9.4656E+1	-1.1134E+2	-1.1386E+2
5.3367E+1	2.1972E+0	-5.3509E+0	-9.1586E+1	-9.5172E+1	-9.4506E+1	-1.0516E+2	-1.1280E+2
5.7224E+1	2.1533E+0	-5.4968E+0	-9.3452E+1	-1.0021E+2	-9.5411E+1	-1.0723E+2	-1.0301E+2
6.1359E+1	2.1081E+0	-5.6341E+0	-9.1430E+1	-9.6466E+1	-9.3944E+1	-1.0674E+2	-1.0159E+2
6.5793E+1	2.0617E+0	-5.7624E+0	-9.3336E+1	-1.0037E+2	-9.4984E+1	-1.1484E+2	-1.0290E+2
7.0548E+1	2.0143E+0	-5.8821E+0	-9.2948E+1	-9.7167E+1	-9.6555E+1	-1.0485E+2	-1.0211E+2
7.5646E+1	1.9660E+0	-5.9938E+0	-8.9899E+1	-9.1964E+1	-9.4968E+1	-1.0701E+2	-1.0310E+2
8.1113E+1	1.9170E+0	-6.0976E+0	-9.3137E+1	-9.9282E+1	-9.4577E+1	-1.0863E+2	-1.1275E+2
8.6975E+1	1.8671E+0	-6.1938E+0	-9.4120E+1	-9.7571E+1	-9.7219E+1	-1.1028E+2	-1.0880E+2
9.3260E+1	1.8167E+0	-6.2836E+0	-8.8838E+1	-8.9425E+1	-9.8194E+1	-1.1161E+2	-1.1183E+2
1.0000E+2	1.7655E+0	-6.3655E+0	-9.4658E+1	-1.0029E+2	-9.6859E+1	-1.0891E+2	-1.0527E+2
1.0723E+2	1.7137E+0	-6.4410E+0	-8.9560E+1	-9.0855E+1	-9.7418E+1	-1.0698E+2	-1.0076E+2
1.1498E+2	1.6609E+0	-6.5103E+0	-9.2528E+1	-9.6308E+1	-9.5442E+1	-1.0905E+2	-1.0575E+2
1.2328E+2	1.6074E+0	-6.5719E+0	-8.9420E+1	-9.0174E+1	-1.0195E+2	-9.9735E+1	-1.0922E+2
1.3219E+2	1.5529E+0	-6.6269E+0	-9.4934E+1	-1.0087E+2	-9.6631E+1	-1.1265E+2	-1.0782E+2
1.4175E+2	1.4978E+0	-6.6716E+0	-9.0656E+1	-9.2586E+1	-9.8691E+1	-1.0856E+2	-9.7975E+1
1.5199E+2	1.4416E+0	-6.7078E+0	-8.8418E+1	-8.9404E+1	-9.6021E+1	-1.0517E+2	-1.0922E+2
1.6298E+2	1.3848E+0	-6.7339E+0	-8.9162E+1	-9.2443E+1	-9.2611E+1	-1.0700E+2	-1.0125E+2
1.7475E+2	1.3273E+0	-6.7490E+0	-8.6609E+1	-8.7843E+1	-9.3550E+1	-1.0426E+2	-1.0214E+2
1.8738E+2	1.2693E+0	-6.7497E+0	-8.9653E+1	-9.2599E+1	-9.3735E+1	-1.0190E+2	-1.0340E+2
2.0092E+2	1.2107E+0	-6.7384E+0	-9.0260E+1	-9.5861E+1	-9.2512E+1	-1.0097E+2	-1.0379E+2
2.1544E+2	1.1520E+0	-6.7133E+0	-9.3191E+1	-9.7772E+1	-9.5962E+1	-1.0862E+2	-1.0343E+2
2.3101E+2	1.0934E+0	-6.6730E+0	-8.8236E+1	-9.1087E+1	-9.2438E+1	-9.9473E+1	-1.0406E+2
2.4771E+2	1.0349E+0	-6.6187E+0	-8.8577E+1	-9.6962E+1	-9.0371E+1	-9.7302E+1	-1.0085E+2
2.6561E+2	9.7681E-1	-6.5481E+0	-8.8613E+1	-9.0954E+1	-9.3972E+1	-1.0041E+2	-1.0087E+2
2.8480E+2	9.1963E-1	-6.4634E+0	-9.1623E+1	-1.0004E+2	-9.3033E+1	-1.1405E+2	-1.0057E+2
3.0539E+2	8.6315E-1	-6.3620E+0	-9.1258E+1	-9.3950E+1	-9.5184E+1	-1.1262E+2	-1.0430E+2
3.2745E+2	8.0793E-1	-6.2464E+0	-9.2882E+1	-9.8678E+1	-9.5083E+1	-1.0298E+2	-1.0725E+2
3.5112E+2	7.5425E-1	-6.1172E+0	-9.1352E+1	-9.8389E+1	-9.2606E+1	-1.0413E+2	-1.2911E+2
3.7649E+2	7.0227E-1	-5.9747E+0	-9.1767E+1	-1.0443E+2	-9.2626E+1	-1.0199E+2	-1.0696E+2
4.0370E+2	6.5209E-1	-5.8193E+0	-9.0866E+1	-9.8212E+1	-9.1978E+1	-1.0507E+2	-1.1519E+2
4.3288E+2	6.0403E-1	-5.6526E+0	-9.1593E+1	-1.0272E+2	-9.5376E+1	-9.6734E+1	-9.8623E+1
4.6416E+2	5.5817E-1	-5.4754E+0	-9.0968E+1	-9.8079E+1	-9.2801E+1	-9.9644E+1	-1.0945E+2
4.9770E+2	5.1467E-1	-5.2908E+0	-9.2555E+1	-9.9790E+1	-9.8009E+1	-1.0637E+2	-9.5701E+1
5.3367E+2	4.7392E-1	-5.0993E+0	-9.0732E+1	-9.6857E+1	-9.2512E+1	-1.0654E+2	-1.0255E+2
5.7224E+2	4.3552E-1	-4.9023E+0	-9.2845E+1	-1.1052E+2	-9.3868E+1	-1.0012E+2	-1.1540E+2
6.1359E+2	3.9995E-1	-4.7011E+0	-8.9871E+1	-1.0122E+2	-9.2095E+1	-1.0143E+2	-9.5760E+1
6.5793E+2	3.6682E-1	-4.4986E+0	-9.1842E+1	-9.8683E+1	-9.7330E+1	-1.0123E+2	-9.5873E+1
7.0548E+2	3.3638E-1	-4.2958E+0	-9.2622E+1	-1.0044E+2	-9.4732E+1	-1.0195E+2	-1.0250E+2
7.5646E+2	3.0852E-1	-4.0944E+0	-9.3913E+1	-9.7451E+1	-9.8950E+1	-1.0256E+2	-1.0361E+2
8.1113E+2	2.8304E-1	-3.8934E+0	-9.0723E+1	-9.8592E+1	-9.2905E+1	-9.7322E+1	-1.0965E+2
8.6975E+2	2.6002E-1	-3.6986E+0	-9.3231E+1	-9.8886E+1	-9.7148E+1	-1.0070E+2	-1.0168E+2
9.3260E+2	2.3914E-1	-3.5069E+0	-9.1536E+1	-1.0325E+2	-9.2828E+1	-1.1015E+2	-9.9079E+1
1.0000E+3	2.2034E-1	-3.3212E+0	-9.0955E+1	-9.8636E+1	-9.2447E+1	-1.0179E+2	-1.0520E+2
1.0723E+3	2.0356E-1	-3.1426E+0	-8.9561E+1	-1.0785E+2	-9.1707E+1	-9.4980E+1	-1.0012E+2
1.1498E+3	1.8846E-1	-2.9710E+0	-9.2272E+1	-1.1438E+2	-9.5927E+1	-9.7415E+1	-9.8177E+1
1.2328E+3	1.7506E-1	-2.8061E+0	-8.9602E+1	-9.5056E+1	-9.1536E+1	-1.0123E+2	-1.1206E+2
1.3219E+3	1.6314E-1	-2.6499E+0	-9.0442E+1	-9.8955E+1	-9.5081E+1	-9.4494E+1	-9.9570E+1
1.4175E+3	1.5254E-1	-2.5003E+0	-9.2744E+1	-9.9752E+1	-9.5605E+1	-9.9679E+1	-1.0367E+2
1.5199E+3	1.4336E-1	-2.3597E+0	-9.2575E+1	-1.0213E+2	-9.4010E+1	-1.0090E+2	-1.0883E+2
1.6298E+3	1.3510E-1	-2.2269E+0	-9.6053E+1	-1.0918E+2	-9.6552E+1	-1.2194E+2	-1.0847E+2
1.7475E+3	1.2778E-1	-2.1017E+0	-8.9818E+1	-1.0555E+2	-9.0998E+1	-9.8558E+1	-1.0093E+2
1.8738E+3	1.2135E-1	-1.9851E+0	-9.0095E+1	-9.9998E+1	-9.1963E+1	-9.7022E+1	-1.0362E+2
2.0092E+3	1.1571E-1	-1.8753E+0	-8.8387E+1	-1.0043E+2	-9.0137E+1	-1.0447E+2	-9.4500E+1
2.1544E+3	1.1088E-1	-1.7744E+0	-9.1911E+1	-1.0602E+2	-9.3223E+1	-1.2537E+2	-9.8462E+1
2.3101E+3	1.0651E-1	-1.6792E+0	-9.0957E+1	-1.0533E+2	-9.1820E+1	-1.0137E+2	-1.0372E+2
2.4771E+3	1.0276E-1	-1.5921E+0	-9.0088E+1	-9.7721E+1	-9.2413E+1	-9.7832E+1	-1.0139E+2
2.6561E+3	9.9413E-2	-1.5110E+0	-9.1544E+1	-1.1216E+2	-9.2846E+1	-9.7664E+1	-1.1378E+2
2.8480E+3	9.6584E-2	-1.4369E+0	-9.1499E+1	-9.8140E+1	-9.3152E+1	-1.1040E+2	-1.0210E+2
3.0539E+3	9.4013E-2	-1.3687E+0	-9.0399E+1	-1.0158E+2	-9.1186E+1	-1.1263E+2	-1.0118E+2
3.2745E+3	9.1758E-2	-1.3076E+0	-8.9430E+1	-9.9815E+1	-9.0314E+1	-1.0540E+2	-1.0115E+2
3.5112E+3	8.9769E-2	-1.2517E+0	-8.8470E+1	-9.5007E+1	-9.2160E+1	-9.4891E+1	-9.7591E+1
3.7649E+3	8.8091E-2	-1.2017E+0	-9.1734E+1	-1.0169E+2	-9.2767E+1	-1.0348E+2	-1.0532E+2
4.0370E+3	8.6598E-2	-1.1578E+0	-9.2140E+1	-9.6691E+1	-9.4288E+1	-1.0974E+2	-1.0867E+2
4.3288E+3	8.5348E-2	-1.1182E+0	-9.1898E+1	-1.0477E+2	-9.4069E+1	-9.7909E+1	-1.0230E+2
4.6416E+3	8.4185E-2	-1.0845E+0	-8.9445E+1	-1.0232E+2	-9.0610E+1	-1.1085E+2	-9.6983E+1
4.9770E+3	8.3203E-2	-1.0561E+0	-9.1144E+1	-9.8231E+1	-9.2651E+1	-1.1249E+2	-1.0159E+2
5.3367E+3	8.2445E-2	-1.0330E+0	-9.3337E+1	-1.0370E+2	-9.7491E+1	-9.6145E+1	NaN
5.7224E+3	8.1680E-2	-1.0124E+0	-9.6010E+1	-1.0664E+2	-9.8943E+1	-9.9940E+1	NaN
6.1359E+3	8.1176E-2	-9.9906E-1	-9.1025E+1	-1.0442E+2	-9.1411E+1	-1.0508E+2	NaN
6.5793E+3	8.0806E-2	-9.9056E-1	-9.1067E+1	-9.9933E+1	-9.1671E+1	NaN	NaN
7.0548E+3	8.0286E-2	-9.8429E-1	-9.3121E+1	-9.8425E+1	-9.4639E+1	NaN	NaN
7.5646E+3	8.0052E-2	-9.8463E-1	-9.1538E+1	-9.9096E+1	-9.2376E+1	NaN	NaN
8.1113E+3	7.9798E-2	-9.8916E-1	-9.2714E+1	-9.8529E+1	-9.4034E+1	NaN	NaN
8.6975E+3	7.9772E-2	-9.9895E-1	-1.0218E+2	-1.0218E+2	NaN	NaN	NaN
9.3260E+3	7.9679E-2	-1.0134E+0	-1.0540E+2	-1.0540E+2	NaN	NaN	NaN
1.0000E+4	7.9773E-2	-1.0316E+0	-9.6794E+1	-9.6794E+1	NaN	NaN	NaN
