%	Date:	2016-12-09	Time:	15:22:21
%	Sampling frequency		[Hz]:	50000
%	Generator amplitude		[V]:	1.0000
%	Settle time		[s]:	0.025000
%	Settle cycles:			5
%	Integration time		[s]:	0.025000
%	Integration cycles:			5
% Freq.	Amplitude	Phase	THD	HD 2	HD 3	HD 4	HD 5
% [Hz]	[dB]	[deg]	[dB]	[dB ref fund]	[dB ref fund]	[dB ref fund]	[dB ref fund]
1.0000E+1	-1.0248E+1	6.8099E+0	-9.1642E+1	-9.7749E+1	-9.5660E+1	-1.0289E+2	-9.7118E+1
1.0723E+1	-1.0225E+1	7.2662E+0	-8.6674E+1	-9.3675E+1	-8.8422E+1	-9.8245E+1	-9.8730E+1
1.1498E+1	-1.0199E+1	7.7510E+0	-9.1351E+1	-9.5004E+1	-9.4522E+1	-1.1325E+2	-1.0230E+2
1.2328E+1	-1.0170E+1	8.2617E+0	-8.9106E+1	-9.2244E+1	-9.4651E+1	-1.0236E+2	-9.6361E+1
1.3219E+1	-1.0137E+1	8.8013E+0	-9.6077E+1	-1.0838E+2	-9.7767E+1	-1.1724E+2	-1.0200E+2
1.4175E+1	-1.0099E+1	9.3695E+0	-8.9111E+1	-9.2749E+1	-9.4099E+1	-9.6359E+1	-1.0121E+2
1.5199E+1	-1.0056E+1	9.9658E+0	-8.8956E+1	-9.6522E+1	-9.2975E+1	-1.0700E+2	-9.2800E+1
1.6298E+1	-1.0009E+1	1.0590E+1	-9.0285E+1	-1.0213E+2	-9.1933E+1	-1.0469E+2	-9.6981E+1
1.7475E+1	-9.9550E+0	1.1242E+1	-8.7888E+1	-1.0207E+2	-8.8086E+1	-1.1138E+2	-1.1480E+2
1.8738E+1	-9.8947E+0	1.1920E+1	-9.0310E+1	-9.3510E+1	-9.5453E+1	-9.7908E+1	-1.0412E+2
2.0092E+1	-9.8276E+0	1.2620E+1	-8.9292E+1	-1.0282E+2	-9.0435E+1	-9.9053E+1	-1.0018E+2
2.1544E+1	-9.7530E+0	1.3344E+1	-8.8957E+1	-9.3444E+1	-9.2360E+1	-1.0127E+2	-9.7866E+1
2.3101E+1	-9.6703E+0	1.4084E+1	-8.7531E+1	-9.4220E+1	-9.0713E+1	-1.0221E+2	-9.3202E+1
2.4771E+1	-9.5786E+0	1.4838E+1	-8.8059E+1	-9.8654E+1	-9.0657E+1	-9.9197E+1	-9.3494E+1
2.6561E+1	-9.4780E+0	1.5603E+1	-8.7130E+1	-9.5424E+1	-8.8732E+1	-9.5510E+1	-1.0534E+2
2.8480E+1	-9.3680E+0	1.6373E+1	-8.5782E+1	-9.1245E+1	-8.7389E+1	-1.0280E+2	-1.0864E+2
3.0539E+1	-9.2483E+0	1.7142E+1	-8.8561E+1	-9.8098E+1	-9.0827E+1	-9.7989E+1	-9.5979E+1
3.2745E+1	-9.1190E+0	1.7904E+1	-8.8172E+1	-9.2127E+1	-9.1733E+1	-9.9182E+1	-9.9246E+1
3.5112E+1	-8.9800E+0	1.8653E+1	-9.0401E+1	-9.7634E+1	-9.1914E+1	-1.1022E+2	-1.0064E+2
3.7649E+1	-8.8313E+0	1.9382E+1	-9.1325E+1	-1.0314E+2	-9.2923E+1	-9.8168E+1	-1.0584E+2
4.0370E+1	-8.6734E+0	2.0087E+1	-8.8739E+1	-1.0217E+2	-8.9559E+1	-1.0848E+2	-9.8094E+1
4.3288E+1	-8.5067E+0	2.0761E+1	-8.8147E+1	-9.7682E+1	-8.8972E+1	-1.0244E+2	-1.0425E+2
4.6416E+1	-8.3322E+0	2.1397E+1	-9.0976E+1	-9.6735E+1	-9.4335E+1	-9.7850E+1	-1.0266E+2
4.9770E+1	-8.1501E+0	2.1993E+1	-8.9177E+1	-9.8711E+1	-9.0942E+1	-9.6740E+1	-1.0242E+2
5.3367E+1	-7.9616E+0	2.2544E+1	-8.6976E+1	-9.8907E+1	-8.8458E+1	-9.4165E+1	-1.0167E+2
5.7224E+1	-7.7673E+0	2.3047E+1	-9.0090E+1	-1.0288E+2	-9.2788E+1	-9.6853E+1	-9.7093E+1
6.1359E+1	-7.5687E+0	2.3501E+1	-8.9256E+1	-9.3676E+1	-9.3194E+1	-9.7468E+1	-1.0002E+2
6.5793E+1	-7.3665E+0	2.3910E+1	-8.8261E+1	-9.4290E+1	-9.0701E+1	-9.7214E+1	-1.0103E+2
7.0548E+1	-7.1613E+0	2.4269E+1	-8.5670E+1	-9.1787E+1	-8.8518E+1	-9.2917E+1	-9.8859E+1
7.5646E+1	-6.9536E+0	2.4582E+1	-8.9766E+1	-9.2611E+1	-9.3601E+1	-1.0542E+2	-1.0376E+2
8.1113E+1	-6.7449E+0	2.4851E+1	-8.6715E+1	-9.6900E+1	-8.7448E+1	-1.0255E+2	-1.0147E+2
8.6975E+1	-6.5347E+0	2.5079E+1	-8.5933E+1	-9.3354E+1	-8.8235E+1	-9.9567E+1	-9.3212E+1
9.3260E+1	-6.3241E+0	2.5266E+1	-8.5053E+1	-8.9636E+1	-8.8184E+1	-1.0163E+2	-9.3481E+1
1.0000E+2	-6.1128E+0	2.5418E+1	-9.1737E+1	-9.7084E+1	-9.5399E+1	-1.0077E+2	-9.9900E+1
1.0723E+2	-5.9013E+0	2.5534E+1	-8.4524E+1	-8.6505E+1	-8.9433E+1	-1.0318E+2	-9.9812E+1
1.1498E+2	-5.6897E+0	2.5615E+1	-8.7309E+1	-1.0133E+2	-8.8551E+1	-1.0515E+2	-9.4459E+1
1.2328E+2	-5.4777E+0	2.5664E+1	-8.4255E+1	-8.8516E+1	-8.7414E+1	-9.6389E+1	-9.5185E+1
1.3219E+2	-5.2653E+0	2.5681E+1	-8.8581E+1	-1.0028E+2	-8.9043E+1	-1.0985E+2	-1.0444E+2
1.4175E+2	-5.0529E+0	2.5661E+1	-9.1330E+1	-9.6141E+1	-9.8428E+1	-9.5217E+1	-1.0313E+2
1.5199E+2	-4.8408E+0	2.5609E+1	-8.6922E+1	-9.1761E+1	-9.0838E+1	-1.0041E+2	-9.3475E+1
1.6298E+2	-4.6287E+0	2.5520E+1	-8.4575E+1	-9.3539E+1	-8.5740E+1	-9.6404E+1	-9.8264E+1
1.7475E+2	-4.4174E+0	2.5394E+1	-8.6119E+1	-8.8535E+1	-9.1385E+1	-9.5335E+1	-1.0638E+2
1.8738E+2	-4.2065E+0	2.5231E+1	-8.6813E+1	-9.0457E+1	-9.1197E+1	-9.6161E+1	-9.7407E+1
2.0092E+2	-3.9969E+0	2.5026E+1	-8.6167E+1	-9.2223E+1	-8.9747E+1	-9.4159E+1	-9.4273E+1
2.1544E+2	-3.7891E+0	2.4784E+1	-8.8824E+1	-9.9744E+1	-9.1039E+1	-9.8193E+1	-9.5752E+1
2.3101E+2	-3.5833E+0	2.4499E+1	-8.3319E+1	-8.5255E+1	-9.0546E+1	-9.3043E+1	-9.5273E+1
2.4771E+2	-3.3800E+0	2.4175E+1	-8.8838E+1	-1.0464E+2	-9.0200E+1	-1.0744E+2	-9.5238E+1
2.6561E+2	-3.1804E+0	2.3811E+1	-8.7882E+1	-9.0752E+1	-9.3908E+1	-9.5220E+1	-1.0096E+2
2.8480E+2	-2.9841E+0	2.3409E+1	-8.6316E+1	-1.0081E+2	-8.6896E+1	-1.1866E+2	-9.6830E+1
3.0539E+2	-2.7921E+0	2.2970E+1	-8.5410E+1	-8.9100E+1	-8.9371E+1	-9.5059E+1	-9.7468E+1
3.2745E+2	-2.6046E+0	2.2491E+1	-8.9389E+1	-9.9050E+1	-9.1375E+1	-9.7513E+1	-9.9180E+1
3.5112E+2	-2.4222E+0	2.1979E+1	-8.9728E+1	-9.1905E+1	-9.6913E+1	-9.7990E+1	-1.0243E+2
3.7649E+2	-2.2457E+0	2.1435E+1	-8.8051E+1	-9.7942E+1	-8.9913E+1	-1.0110E+2	-9.5114E+1
4.0370E+2	-2.0750E+0	2.0857E+1	-8.8299E+1	-9.8454E+1	-8.9551E+1	-9.7175E+1	-1.0442E+2
4.3288E+2	-1.9106E+0	2.0251E+1	-8.8549E+1	-9.1499E+1	-9.2951E+1	-9.9206E+1	-1.0209E+2
4.6416E+2	-1.7531E+0	1.9619E+1	-8.7489E+1	-9.0908E+1	-9.1470E+1	-1.0752E+2	-9.6180E+1
4.9770E+2	-1.6031E+0	1.8962E+1	-8.9928E+1	-9.9793E+1	-9.1541E+1	-9.7099E+1	-1.0811E+2
5.3367E+2	-1.4605E+0	1.8288E+1	-8.8293E+1	-9.5469E+1	-8.9372E+1	-1.0499E+2	-1.0987E+2
5.7224E+2	-1.3257E+0	1.7595E+1	-9.0172E+1	-9.9633E+1	-9.2512E+1	-1.0380E+2	-9.6022E+1
6.1359E+2	-1.1992E+0	1.6891E+1	-8.8226E+1	-1.0161E+2	-9.0103E+1	-9.8864E+1	-9.4826E+1
6.5793E+2	-1.0806E+0	1.6179E+1	-9.2652E+1	-9.6169E+1	-9.5752E+1	-1.1053E+2	-1.0574E+2
7.0548E+2	-9.7027E-1	1.5462E+1	-9.0942E+1	-1.1187E+2	-9.1232E+1	-1.0825E+2	-1.0514E+2
7.5646E+2	-8.6832E-1	1.4747E+1	-9.1820E+1	-1.0531E+2	-9.3273E+1	-1.0148E+2	-1.0063E+2
8.1113E+2	-7.7448E-1	1.4035E+1	-9.2323E+1	-9.8656E+1	-9.6193E+1	-9.8277E+1	-1.0218E+2
8.6975E+2	-6.8822E-1	1.3331E+1	-9.2335E+1	-9.7721E+1	-9.4625E+1	-1.0290E+2	-1.0719E+2
9.3260E+2	-6.0967E-1	1.2640E+1	-8.9374E+1	-1.0064E+2	-9.0095E+1	-1.0578E+2	-1.0193E+2
1.0000E+3	-5.3830E-1	1.1963E+1	-8.9512E+1	-9.7460E+1	-9.0642E+1	-1.0243E+2	-1.0705E+2
1.0723E+3	-4.7372E-1	1.1305E+1	-9.2264E+1	-1.0003E+2	-9.3327E+1	-1.0838E+2	-1.0819E+2
1.1498E+3	-4.1548E-1	1.0666E+1	-9.0576E+1	-9.8315E+1	-9.4323E+1	-9.5014E+1	-1.0360E+2
1.2328E+3	-3.6347E-1	1.0049E+1	-9.0170E+1	-1.1378E+2	-9.2304E+1	-1.0262E+2	-9.5024E+1
1.3219E+3	-3.1663E-1	9.4550E+0	-9.1692E+1	-9.7996E+1	-9.4760E+1	-1.0783E+2	-9.7744E+1
1.4175E+3	-2.7492E-1	8.8847E+0	-9.0813E+1	-1.0897E+2	-9.1260E+1	-1.0302E+2	-1.0733E+2
1.5199E+3	-2.3780E-1	8.3391E+0	-9.1166E+1	-1.0635E+2	-9.1942E+1	-1.0127E+2	-1.0563E+2
1.6298E+3	-2.0493E-1	7.8186E+0	-9.3067E+1	-1.0264E+2	-9.4444E+1	-1.0340E+2	-1.0470E+2
1.7475E+3	-1.7583E-1	7.3246E+0	-9.0430E+1	-9.7850E+1	-9.1844E+1	-1.1892E+2	-1.0063E+2
1.8738E+3	-1.4992E-1	6.8534E+0	-9.0165E+1	-1.0341E+2	-9.1322E+1	-1.0124E+2	-9.9815E+1
2.0092E+3	-1.2725E-1	6.4070E+0	-8.9411E+1	-1.0505E+2	-9.1266E+1	-9.6149E+1	-9.9065E+1
2.1544E+3	-1.0735E-1	5.9841E+0	-9.0563E+1	-1.0055E+2	-9.3082E+1	-1.0235E+2	-9.6191E+1
2.3101E+3	-8.9555E-2	5.5846E+0	-9.1756E+1	-9.8381E+1	-9.4249E+1	-1.0506E+2	-9.9391E+1
2.4771E+3	-7.4211E-2	5.2057E+0	-8.9787E+1	-9.7073E+1	-9.2162E+1	-1.0081E+2	-9.7875E+1
2.6561E+3	-6.0513E-2	4.8497E+0	-8.9204E+1	-9.9809E+1	-8.9968E+1	-1.0315E+2	-1.0389E+2
2.8480E+3	-4.8498E-2	4.5127E+0	-9.0749E+1	-1.0286E+2	-9.2867E+1	-1.0141E+2	-9.6973E+1
3.0539E+3	-3.8236E-2	4.1951E+0	-8.6790E+1	-9.9543E+1	-8.9072E+1	-9.5098E+1	-9.3611E+1
3.2745E+3	-2.8919E-2	3.8944E+0	-8.9275E+1	-9.5879E+1	-9.2725E+1	-9.4242E+1	-1.0893E+2
3.5112E+3	-2.0854E-2	3.6120E+0	-9.2496E+1	-1.0939E+2	-9.3635E+1	-1.0143E+2	-1.0332E+2
3.7649E+3	-1.3894E-2	3.3457E+0	-9.2413E+1	-9.5416E+1	-1.0394E+2	-9.8465E+1	-9.9846E+1
4.0370E+3	-7.6127E-3	3.0932E+0	-9.0508E+1	-9.4172E+1	-9.3240E+1	-1.0689E+2	-1.0910E+2
4.3288E+3	-2.1924E-3	2.8551E+0	-9.5958E+1	-1.0197E+2	-9.8110E+1	-1.0553E+2	-1.1118E+2
4.6416E+3	2.4947E-3	2.6300E+0	-9.1695E+1	-9.9644E+1	-9.3074E+1	-1.0224E+2	-1.0801E+2
4.9770E+3	6.6391E-3	2.4171E+0	-8.9669E+1	-1.0641E+2	-9.0064E+1	-1.0283E+2	-1.0726E+2
5.3367E+3	1.0388E-2	2.2152E+0	-9.6407E+1	-1.1319E+2	-9.7576E+1	-1.0308E+2	NaN
5.7224E+3	1.3512E-2	2.0234E+0	-9.7740E+1	-1.0551E+2	-1.0052E+2	-1.0288E+2	NaN
6.1359E+3	1.6347E-2	1.8413E+0	-9.4055E+1	-9.6265E+1	-1.0090E+2	-1.0122E+2	NaN
6.5793E+3	1.8822E-2	1.6682E+0	-9.6403E+1	-1.0023E+2	-9.8730E+1	NaN	NaN
7.0548E+3	2.1139E-2	1.5033E+0	-8.9505E+1	-9.9848E+1	-8.9927E+1	NaN	NaN
7.5646E+3	2.3116E-2	1.3443E+0	-9.0541E+1	-9.6504E+1	-9.1810E+1	NaN	NaN
8.1113E+3	2.4840E-2	1.1918E+0	-9.3070E+1	-9.6090E+1	-9.6071E+1	NaN	NaN
8.6975E+3	2.6530E-2	1.0460E+0	-1.1177E+2	-1.1177E+2	NaN	NaN	NaN
9.3260E+3	2.7890E-2	9.0484E-1	-1.1155E+2	-1.1155E+2	NaN	NaN	NaN
1.0000E+4	2.9330E-2	7.6715E-1	-1.0495E+2	-1.0495E+2	NaN	NaN	NaN
