%	Date:	2016-12-09	Time:	15:18:18
%	Sampling frequency		[Hz]:	50000
%	Generator amplitude		[V]:	1.0000
%	Settle time		[s]:	0.025000
%	Settle cycles:			5
%	Integration time		[s]:	0.025000
%	Integration cycles:			5
% Freq.	Amplitude	Phase	THD	HD 2	HD 3	HD 4	HD 5
% [Hz]	[dB]	[deg]	[dB]	[dB ref fund]	[dB ref fund]	[dB ref fund]	[dB ref fund]
1.0000E+1	-2.6831E+0	1.5895E+0	-9.1758E+1	-1.0632E+2	-9.2061E+1	-1.0852E+2	-1.1116E+2
1.0723E+1	-2.6779E+0	1.6924E+0	-9.0242E+1	-1.0040E+2	-9.1099E+1	-1.0535E+2	-1.0309E+2
1.1498E+1	-2.6721E+0	1.8005E+0	-9.1480E+1	-9.7955E+1	-9.3013E+1	-1.0452E+2	-1.0791E+2
1.2328E+1	-2.6655E+0	1.9154E+0	-9.5206E+1	-1.0506E+2	-9.7562E+1	-1.0273E+2	-1.0379E+2
1.3219E+1	-2.6581E+0	2.0381E+0	-9.3077E+1	-1.0298E+2	-9.4525E+1	-1.0192E+2	-1.0603E+2
1.4175E+1	-2.6499E+0	2.1662E+0	-9.4642E+1	-1.0579E+2	-9.6836E+1	-1.0519E+2	-1.0099E+2
1.5199E+1	-2.6406E+0	2.3027E+0	-9.2278E+1	-1.0115E+2	-9.3331E+1	-1.1613E+2	-1.0317E+2
1.6298E+1	-2.6301E+0	2.4448E+0	-9.2804E+1	-9.9654E+1	-9.4008E+1	-1.1258E+2	-1.0883E+2
1.7475E+1	-2.6183E+0	2.5939E+0	-9.4331E+1	-1.0180E+2	-9.5850E+1	-1.1733E+2	-1.0388E+2
1.8738E+1	-2.6052E+0	2.7495E+0	-9.3976E+1	-1.1174E+2	-9.4773E+1	-1.0594E+2	-1.0458E+2
2.0092E+1	-2.5905E+0	2.9109E+0	-9.4128E+1	-9.7190E+1	-1.0032E+2	-1.0301E+2	-1.0277E+2
2.1544E+1	-2.5741E+0	3.0780E+0	-9.8664E+1	-1.1974E+2	-1.0033E+2	-1.1021E+2	-1.0484E+2
2.3101E+1	-2.5560E+0	3.2504E+0	-9.5709E+1	-1.0471E+2	-9.7914E+1	-1.0762E+2	-1.0253E+2
2.4771E+1	-2.5360E+0	3.4265E+0	-9.4888E+1	-1.0140E+2	-9.6443E+1	-1.0940E+2	-1.0860E+2
2.6561E+1	-2.5140E+0	3.6062E+0	-9.5602E+1	-1.0654E+2	-9.7742E+1	-1.0304E+2	-1.0453E+2
2.8480E+1	-2.4898E+0	3.7883E+0	-9.0657E+1	-1.0293E+2	-9.1330E+1	-1.0175E+2	-1.1261E+2
3.0539E+1	-2.4634E+0	3.9711E+0	-9.1865E+1	-1.0209E+2	-9.3315E+1	-1.1054E+2	-9.9424E+1
3.2745E+1	-2.4350E+0	4.1534E+0	-9.2420E+1	-9.7312E+1	-9.5072E+1	-1.0377E+2	-1.0468E+2
3.5112E+1	-2.4042E+0	4.3347E+0	-9.0686E+1	-1.0379E+2	-9.2085E+1	-9.9011E+1	-1.0169E+2
3.7649E+1	-2.3714E+0	4.5132E+0	-8.8685E+1	-1.0165E+2	-8.9912E+1	-1.0379E+2	-9.6518E+1
4.0370E+1	-2.3364E+0	4.6869E+0	-8.8197E+1	-9.3332E+1	-9.0373E+1	-1.0573E+2	-9.9756E+1
4.3288E+1	-2.2994E+0	4.8551E+0	-8.7894E+1	-1.0488E+2	-8.8331E+1	-1.0803E+2	-9.9698E+1
4.6416E+1	-2.2605E+0	5.0173E+0	-8.6599E+1	-9.6987E+1	-8.7354E+1	-9.9935E+1	-1.0320E+2
4.9770E+1	-2.2199E+0	5.1726E+0	-8.5714E+1	-1.0323E+2	-8.6090E+1	-1.1159E+2	-9.7749E+1
5.3367E+1	-2.1779E+0	5.3186E+0	-8.7721E+1	-1.0039E+2	-8.8567E+1	-1.0118E+2	-9.8808E+1
5.7224E+1	-2.1344E+0	5.4571E+0	-8.6042E+1	-9.6473E+1	-8.7263E+1	-9.6413E+1	-9.8073E+1
6.1359E+1	-2.0897E+0	5.5869E+0	-8.6437E+1	-9.7757E+1	-8.7230E+1	-1.0077E+2	-9.8935E+1
6.5793E+1	-2.0441E+0	5.7085E+0	-8.6809E+1	-9.2498E+1	-8.8782E+1	-1.0135E+2	-9.9020E+1
7.0548E+1	-1.9976E+0	5.8214E+0	-8.6406E+1	-9.4893E+1	-8.7624E+1	-1.0535E+2	-9.6854E+1
7.5646E+1	-1.9501E+0	5.9270E+0	-8.7273E+1	-9.5146E+1	-8.8510E+1	-1.0479E+2	-9.9021E+1
8.1113E+1	-1.9021E+0	6.0257E+0	-8.7646E+1	-1.0069E+2	-8.8816E+1	-1.0347E+2	-9.5589E+1
8.6975E+1	-1.8535E+0	6.1176E+0	-8.7188E+1	-9.2723E+1	-8.8890E+1	-1.0196E+2	-1.0666E+2
9.3260E+1	-1.8040E+0	6.2027E+0	-8.6982E+1	-9.2912E+1	-8.8524E+1	-1.0304E+2	-1.0422E+2
1.0000E+2	-1.7539E+0	6.2821E+0	-9.2503E+1	-1.0293E+2	-9.3940E+1	-1.0040E+2	-1.0793E+2
1.0723E+2	-1.7031E+0	6.3555E+0	-8.7455E+1	-8.9480E+1	-9.2483E+1	-1.0305E+2	-1.0254E+2
1.1498E+2	-1.6516E+0	6.4225E+0	-8.9970E+1	-9.6567E+1	-9.2118E+1	-9.8490E+1	-1.0510E+2
1.2328E+2	-1.5992E+0	6.4831E+0	-8.6449E+1	-8.7252E+1	-9.6946E+1	-1.0147E+2	-9.9618E+1
1.3219E+2	-1.5460E+0	6.5372E+0	-8.9344E+1	-9.0547E+1	-9.9360E+1	-9.7917E+1	-1.1413E+2
1.4175E+2	-1.4918E+0	6.5835E+0	-8.7576E+1	-9.0113E+1	-9.5360E+1	-9.4293E+1	-9.9597E+1
1.5199E+2	-1.4369E+0	6.6212E+0	-9.1180E+1	-9.5148E+1	-9.6676E+1	-1.0070E+2	-9.8061E+1
1.6298E+2	-1.3810E+0	6.6463E+0	-9.0850E+1	-9.7657E+1	-9.4137E+1	-9.9928E+1	-9.7868E+1
1.7475E+2	-1.3244E+0	6.6626E+0	-8.3735E+1	-8.4792E+1	-9.1320E+1	-1.0140E+2	-9.9817E+1
1.8738E+2	-1.2673E+0	6.6677E+0	-9.0596E+1	-9.2457E+1	-9.7821E+1	-1.0181E+2	-1.0139E+2
2.0092E+2	-1.2097E+0	6.6594E+0	-8.9056E+1	-9.2787E+1	-9.4383E+1	-9.7199E+1	-9.7924E+1
2.1544E+2	-1.1516E+0	6.6369E+0	-9.0979E+1	-1.0111E+2	-9.3061E+1	-1.0720E+2	-9.6832E+1
2.3101E+2	-1.0937E+0	6.6004E+0	-8.8359E+1	-9.0902E+1	-9.3246E+1	-1.0314E+2	-9.9042E+1
2.4771E+2	-1.0358E+0	6.5486E+0	-8.9799E+1	-9.4764E+1	-9.2498E+1	-1.0261E+2	-1.0017E+2
2.6561E+2	-9.7834E-1	6.4821E+0	-9.0345E+1	-9.5059E+1	-9.4660E+1	-9.8840E+1	-9.8570E+1
2.8480E+2	-9.2153E-1	6.4007E+0	-9.1639E+1	-9.8895E+1	-9.3259E+1	-1.0183E+2	-1.0723E+2
3.0539E+2	-8.6546E-1	6.3053E+0	-8.8963E+1	-9.4531E+1	-9.2456E+1	-9.6703E+1	-9.8675E+1
3.2745E+2	-8.1051E-1	6.1929E+0	-9.1889E+1	-9.4537E+1	-9.5541E+1	-1.0949E+2	-1.1300E+2
3.5112E+2	-7.5684E-1	6.0684E+0	-9.1261E+1	-9.5858E+1	-9.4039E+1	-1.0063E+2	-1.1129E+2
3.7649E+2	-7.0477E-1	5.9286E+0	-9.3883E+1	-1.0527E+2	-9.7970E+1	-9.6669E+1	-1.1364E+2
4.0370E+2	-6.5432E-1	5.7776E+0	-9.0761E+1	-1.0175E+2	-9.3237E+1	-1.1398E+2	-9.5319E+1
4.3288E+2	-6.0583E-1	5.6135E+0	-9.1509E+1	-1.0191E+2	-9.2549E+1	-1.0341E+2	-1.0393E+2
4.6416E+2	-5.5968E-1	5.4397E+0	-8.9815E+1	-1.0386E+2	-9.2080E+1	-9.6729E+1	-9.7682E+1
4.9770E+2	-5.1575E-1	5.2562E+0	-9.0575E+1	-9.8339E+1	-9.3151E+1	-1.0115E+2	-9.7733E+1
5.3367E+2	-4.7405E-1	5.0646E+0	-8.9563E+1	-9.5887E+1	-9.2403E+1	-1.0495E+2	-9.6181E+1
5.7224E+2	-4.3497E-1	4.8669E+0	-9.3872E+1	-9.9880E+1	-9.5810E+1	-1.1256E+2	-1.0406E+2
6.1359E+2	-3.9853E-1	4.6643E+0	-9.0213E+1	-9.6363E+1	-9.3983E+1	-1.0857E+2	-9.5123E+1
6.5793E+2	-3.6478E-1	4.4587E+0	-9.0664E+1	-1.1063E+2	-9.3128E+1	-9.5873E+1	-9.9817E+1
7.0548E+2	-3.3325E-1	4.2516E+0	-8.9221E+1	-9.6831E+1	-9.1201E+1	-9.7702E+1	-1.0217E+2
7.5646E+2	-3.0453E-1	4.0447E+0	-8.9909E+1	-1.0498E+2	-9.2333E+1	-1.0043E+2	-9.5024E+1
8.1113E+2	-2.7835E-1	3.8389E+0	-9.1864E+1	-1.0072E+2	-9.3716E+1	-9.8687E+1	-1.1224E+2
8.6975E+2	-2.5438E-1	3.6351E+0	-9.3572E+1	-1.0206E+2	-9.5867E+1	-9.9952E+1	-1.0771E+2
9.3260E+2	-2.3270E-1	3.4359E+0	-9.0397E+1	-9.5693E+1	-9.2580E+1	-1.0383E+2	-1.0304E+2
1.0000E+3	-2.1316E-1	3.2410E+0	-8.9739E+1	-9.8003E+1	-9.0688E+1	-1.0826E+2	-1.0453E+2
1.0723E+3	-1.9559E-1	3.0509E+0	-9.2171E+1	-1.0303E+2	-9.4281E+1	-1.0047E+2	-1.0028E+2
1.1498E+3	-1.7995E-1	2.8679E+0	-8.7641E+1	-1.0600E+2	-9.0140E+1	-9.2671E+1	-9.7277E+1
1.2328E+3	-1.6584E-1	2.6902E+0	-9.4857E+1	-1.1038E+2	-9.6291E+1	-1.0171E+2	-1.0814E+2
1.3219E+3	-1.5340E-1	2.5191E+0	-9.0962E+1	-1.0277E+2	-9.5003E+1	-1.0741E+2	-9.3826E+1
1.4175E+3	-1.4236E-1	2.3559E+0	-9.1695E+1	-1.0389E+2	-9.4745E+1	-9.5771E+1	-1.0446E+2
1.5199E+3	-1.3259E-1	2.1985E+0	-9.2450E+1	-9.8384E+1	-9.5290E+1	-1.0115E+2	-1.0290E+2
1.6298E+3	-1.2399E-1	2.0493E+0	-9.3009E+1	-9.6687E+1	-9.7301E+1	-1.0214E+2	-1.0415E+2
1.7475E+3	-1.1636E-1	1.9064E+0	-9.1445E+1	-1.1347E+2	-9.1971E+1	-1.0435E+2	-1.0392E+2
1.8738E+3	-1.0959E-1	1.7697E+0	-9.2009E+1	-1.0763E+2	-9.4732E+1	-9.5726E+1	-1.1071E+2
2.0092E+3	-1.0376E-1	1.6411E+0	-9.0210E+1	-9.6257E+1	-9.2417E+1	-1.1285E+2	-9.8614E+1
2.1544E+3	-9.8570E-2	1.5169E+0	-9.0650E+1	-1.0002E+2	-9.1978E+1	-9.9932E+1	-1.0591E+2
2.3101E+3	-9.4098E-2	1.3991E+0	-9.3651E+1	-9.6614E+1	-1.0108E+2	-1.0025E+2	-1.0388E+2
2.4771E+3	-9.0077E-2	1.2873E+0	-9.1181E+1	-9.9418E+1	-9.3888E+1	-9.6594E+1	-1.0700E+2
2.6561E+3	-8.6722E-2	1.1815E+0	-9.4066E+1	-1.0659E+2	-9.5603E+1	-1.0212E+2	-1.0473E+2
2.8480E+3	-8.3597E-2	1.0789E+0	-9.5911E+1	-1.0092E+2	-1.0778E+2	-1.0233E+2	-9.9980E+1
3.0539E+3	-8.0941E-2	9.8272E-1	-9.0879E+1	-1.0385E+2	-9.2514E+1	-1.0705E+2	-9.7095E+1
3.2745E+3	-7.8456E-2	8.9059E-1	-9.0374E+1	-9.7757E+1	-9.2883E+1	-9.6967E+1	-1.0469E+2
3.5112E+3	-7.6567E-2	8.0167E-1	-9.4037E+1	-1.0354E+2	-9.7826E+1	-9.8743E+1	-1.0284E+2
3.7649E+3	-7.4811E-2	7.1598E-1	-9.0366E+1	-9.9992E+1	-9.1677E+1	-9.9314E+1	-1.0654E+2
4.0370E+3	-7.3402E-2	6.3509E-1	-9.1896E+1	-9.6177E+1	-9.6870E+1	-1.0591E+2	-9.7598E+1
4.3288E+3	-7.1922E-2	5.5626E-1	-9.2742E+1	-9.6344E+1	-9.6106E+1	-1.1491E+2	-1.0289E+2
4.6416E+3	-7.0737E-2	4.7892E-1	-9.1850E+1	-9.9754E+1	-9.3389E+1	-1.0463E+2	-1.0262E+2
4.9770E+3	-6.9699E-2	4.0428E-1	-8.8470E+1	-9.5696E+1	-9.1500E+1	-9.4320E+1	-1.0124E+2
5.3367E+3	-6.8775E-2	3.3270E-1	-9.3117E+1	-1.0345E+2	-9.4600E+1	-1.0018E+2	NaN
5.7224E+3	-6.8033E-2	2.6193E-1	-9.2716E+1	-9.5634E+1	-9.6388E+1	-1.0493E+2	NaN
6.1359E+3	-6.7271E-2	1.9257E-1	-9.3054E+1	-9.8515E+1	-9.4867E+1	-1.0549E+2	NaN
6.5793E+3	-6.6572E-2	1.2463E-1	-9.5750E+1	-1.0163E+2	-9.7046E+1	NaN	NaN
7.0548E+3	-6.5990E-2	5.6696E-2	-9.0910E+1	-1.0858E+2	-9.0985E+1	NaN	NaN
7.5646E+3	-6.5368E-2	-1.0518E-2	-9.0891E+1	-9.6111E+1	-9.2444E+1	NaN	NaN
8.1113E+3	-6.4850E-2	-7.7630E-2	-9.8709E+1	-1.0316E+2	-1.0064E+2	NaN	NaN
8.6975E+3	-6.4324E-2	-1.4675E-1	-9.8553E+1	-9.8553E+1	NaN	NaN	NaN
9.3260E+3	-6.3668E-2	-2.1426E-1	-1.0394E+2	-1.0394E+2	NaN	NaN	NaN
1.0000E+4	-6.3248E-2	-2.8442E-1	-1.0812E+2	-1.0812E+2	NaN	NaN	NaN
