1.0000E+1	8.5423E+0	4.5000E+1	3.8430E+1	-1.5995E+1	-1.0201E+1	-1.8146E+1	-1.9306E+1
1.0798E+1	8.6904E+0	4.2115E+1	3.7851E+1	-1.5962E+1	-1.0386E+1	-1.8147E+1	-1.9540E+1
1.1660E+1	8.8261E+0	3.9391E+1	3.7334E+1	-1.5952E+1	-1.0550E+1	-1.8165E+1	-1.9741E+1
1.2590E+1	8.9478E+0	3.6821E+1	3.6872E+1	-1.5951E+1	-1.0696E+1	-1.8189E+1	-1.9925E+1
1.3595E+1	9.0574E+0	3.4394E+1	3.6476E+1	-1.5954E+1	-1.0823E+1	-1.8209E+1	-2.0077E+1
1.4680E+1	9.1559E+0	3.2111E+1	3.6127E+1	-1.5958E+1	-1.0936E+1	-1.8229E+1	-2.0217E+1
1.5851E+1	9.2440E+0	2.9962E+1	3.5823E+1	-1.5966E+1	-1.1035E+1	-1.8249E+1	-2.0336E+1
1.7116E+1	9.3229E+0	2.7945E+1	3.5563E+1	-1.5972E+1	-1.1122E+1	-1.8260E+1	-2.0442E+1
1.8482E+1	9.3936E+0	2.6059E+1	3.5342E+1	-1.5983E+1	-1.1195E+1	-1.8273E+1	-2.0525E+1
1.9957E+1	9.4568E+0	2.4288E+1	3.5160E+1	-1.5983E+1	-1.1260E+1	-1.8272E+1	-2.0604E+1
2.1550E+1	9.5139E+0	2.2633E+1	3.5006E+1	-1.5996E+1	-1.1311E+1	-1.8278E+1	-2.0659E+1
2.3269E+1	9.5646E+0	2.1085E+1	3.4892E+1	-1.5989E+1	-1.1357E+1	-1.8261E+1	-2.0716E+1
2.5126E+1	9.6100E+0	1.9642E+1	3.4780E+1	-1.6003E+1	-1.1394E+1	-1.8262E+1	-2.0760E+1
2.7131E+1	9.6507E+0	1.8294E+1	3.4723E+1	-1.5992E+1	-1.1423E+1	-1.8229E+1	-2.0803E+1
2.9296E+1	9.6881E+0	1.7042E+1	3.4655E+1	-1.6020E+1	-1.1440E+1	-1.8230E+1	-2.0819E+1
3.1634E+1	9.7207E+0	1.5874E+1	3.4632E+1	-1.6000E+1	-1.1461E+1	-1.8182E+1	-2.0871E+1
3.4159E+1	9.7521E+0	1.4791E+1	3.4603E+1	-1.6033E+1	-1.1462E+1	-1.8174E+1	-2.0875E+1
3.6884E+1	9.7793E+0	1.3785E+1	3.4619E+1	-1.6004E+1	-1.1474E+1	-1.8107E+1	-2.0936E+1
3.9828E+1	9.8066E+0	1.2860E+1	3.4624E+1	-1.6045E+1	-1.1461E+1	-1.8094E+1	-2.0929E+1
4.3006E+1	9.8300E+0	1.2005E+1	3.4686E+1	-1.6001E+1	-1.1462E+1	-1.8002E+1	-2.1000E+1
4.6438E+1	9.8553E+0	1.1223E+1	3.4727E+1	-1.6044E+1	-1.1436E+1	-1.7980E+1	-2.0989E+1
5.0144E+1	9.8771E+0	1.0501E+1	3.4822E+1	-1.5991E+1	-1.1429E+1	-1.7878E+1	-2.1068E+1
5.4145E+1	9.9009E+0	9.8490E+0	3.4889E+1	-1.6028E+1	-1.1394E+1	-1.7851E+1	-2.1067E+1
5.8466E+1	9.9225E+0	9.2445E+0	3.5009E+1	-1.5954E+1	-1.1384E+1	-1.7739E+1	-2.1173E+1
6.3132E+1	9.9474E+0	8.7019E+0	3.5086E+1	-1.5992E+1	-1.1342E+1	-1.7725E+1	-2.1176E+1
6.8170E+1	9.9694E+0	8.2063E+0	3.5216E+1	-1.5894E+1	-1.1333E+1	-1.7612E+1	-2.1320E+1
7.3610E+1	9.9964E+0	7.7599E+0	3.5285E+1	-1.5922E+1	-1.1291E+1	-1.7619E+1	-2.1346E+1
7.9484E+1	1.0021E+1	7.3539E+0	3.5398E+1	-1.5813E+1	-1.1285E+1	-1.7535E+1	-2.1523E+1
8.5827E+1	1.0051E+1	6.9917E+0	3.5436E+1	-1.5823E+1	-1.1250E+1	-1.7572E+1	-2.1594E+1
9.2676E+1	1.0080E+1	6.6608E+0	3.5505E+1	-1.5694E+1	-1.1257E+1	-1.7529E+1	-2.1828E+1
1.0007E+2	1.0115E+1	6.3664E+0	3.5481E+1	-1.5678E+1	-1.1240E+1	-1.7612E+1	-2.1973E+1
1.0806E+2	1.0151E+1	6.0989E+0	3.5418E+1	-1.5638E+1	-1.1241E+1	-1.7712E+1	-2.2181E+1
1.1668E+2	1.0189E+1	5.8509E+0	3.5345E+1	-1.5494E+1	-1.1283E+1	-1.7773E+1	-2.2534E+1
1.2599E+2	1.0233E+1	5.6257E+0	3.5145E+1	-1.5475E+1	-1.1309E+1	-1.7974E+1	-2.2807E+1
1.3605E+2	1.0280E+1	5.4127E+0	3.4892E+1	-1.5418E+1	-1.1367E+1	-1.8182E+1	-2.3165E+1
1.4690E+2	1.0330E+1	5.2069E+0	3.4566E+1	-1.5360E+1	-1.1454E+1	-1.8415E+1	-2.3552E+1
1.5863E+2	1.0382E+1	5.0012E+0	3.4199E+1	-1.5260E+1	-1.1583E+1	-1.8628E+1	-2.3969E+1
1.7128E+2	1.0441E+1	4.7949E+0	3.3718E+1	-1.5264E+1	-1.1723E+1	-1.8907E+1	-2.4193E+1
1.8495E+2	1.0502E+1	4.5769E+0	3.3231E+1	-1.5218E+1	-1.1917E+1	-1.9094E+1	-2.4305E+1
1.9971E+2	1.0567E+1	4.3470E+0	3.2676E+1	-1.5258E+1	-1.2130E+1	-1.9262E+1	-2.4107E+1
2.1565E+2	1.0634E+1	4.0944E+0	3.2149E+1	-1.5265E+1	-1.2393E+1	-1.9292E+1	-2.3774E+1
2.3286E+2	1.0703E+1	3.8171E+0	3.1613E+1	-1.5314E+1	-1.2676E+1	-1.9249E+1	-2.3344E+1
2.5144E+2	1.0774E+1	3.5119E+0	3.1067E+1	-1.5416E+1	-1.2955E+1	-1.9177E+1	-2.2964E+1
2.7151E+2	1.0845E+1	3.1726E+0	3.0555E+1	-1.5507E+1	-1.3216E+1	-1.9085E+1	-2.2849E+1
2.9317E+2	1.0913E+1	2.7991E+0	3.0107E+1	-1.5571E+1	-1.3418E+1	-1.9024E+1	-2.3117E+1
3.1657E+2	1.0978E+1	2.3965E+0	2.9733E+1	-1.5663E+1	-1.3498E+1	-1.9085E+1	-2.3744E+1
3.4183E+2	1.1036E+1	1.9706E+0	2.9554E+1	-1.5709E+1	-1.3456E+1	-1.9223E+1	-2.4690E+1
3.6911E+2	1.1084E+1	1.5329E+0	2.9659E+1	-1.5686E+1	-1.3313E+1	-1.9367E+1	-2.5588E+1
3.9857E+2	1.1122E+1	1.0997E+0	3.0038E+1	-1.5626E+1	-1.3108E+1	-1.9457E+1	-2.5800E+1
4.3037E+2	1.1146E+1	7.0014E-1	3.0604E+1	-1.5493E+1	-1.2927E+1	-1.9373E+1	-2.5370E+1
4.6472E+2	1.1155E+1	4.0441E-1	3.1071E+1	-1.5341E+1	-1.2835E+1	-1.9196E+1	-2.4941E+1
5.0180E+2	1.1157E+1	2.2569E-1	3.1343E+1	-1.5218E+1	-1.2809E+1	-1.9054E+1	-2.4743E+1
5.4184E+2	1.1157E+1	1.8102E-1	3.1333E+1	-1.5226E+1	-1.2807E+1	-1.9064E+1	-2.4735E+1
5.8508E+2	1.1156E+1	1.4794E-1	3.1304E+1	-1.5237E+1	-1.2811E+1	-1.9078E+1	-2.4756E+1
6.3177E+2	1.1155E+1	1.1656E-1	3.1276E+1	-1.5239E+1	-1.2820E+1	-1.9085E+1	-2.4800E+1
6.8219E+2	1.1154E+1	8.5190E-2	3.1234E+1	-1.5253E+1	-1.2828E+1	-1.9101E+1	-2.4845E+1
7.3663E+2	1.1153E+1	5.0082E-2	3.1178E+1	-1.5273E+1	-1.2837E+1	-1.9121E+1	-2.4902E+1
7.9541E+2	1.1152E+1	1.0297E-2	3.1104E+1	-1.5301E+1	-1.2849E+1	-1.9146E+1	-2.4978E+1
8.5889E+2	1.1151E+1	-3.7424E-2	3.1012E+1	-1.5335E+1	-1.2865E+1	-1.9175E+1	-2.5076E+1
9.2743E+2	1.1149E+1	-9.6035E-2	3.0896E+1	-1.5378E+1	-1.2886E+1	-1.9208E+1	-2.5204E+1
1.0014E+3	1.1146E+1	-1.6733E-1	3.0753E+1	-1.5432E+1	-1.2913E+1	-1.9245E+1	-2.5365E+1
1.0814E+3	1.1143E+1	-2.5479E-1	3.0577E+1	-1.5501E+1	-1.2945E+1	-1.9289E+1	-2.5557E+1
1.1676E+3	1.1139E+1	-3.6032E-1	3.0372E+1	-1.5577E+1	-1.2988E+1	-1.9327E+1	-2.5800E+1
1.2608E+3	1.1133E+1	-4.8706E-1	3.0142E+1	-1.5658E+1	-1.3044E+1	-1.9353E+1	-2.6097E+1
1.3614E+3	1.1126E+1	-6.3671E-1	2.9875E+1	-1.5759E+1	-1.3110E+1	-1.9373E+1	-2.6429E+1
1.4701E+3	1.1117E+1	-8.1252E-1	2.9588E+1	-1.5862E+1	-1.3191E+1	-1.9367E+1	-2.6815E+1
1.5874E+3	1.1106E+1	-1.0154E+0	2.9277E+1	-1.5980E+1	-1.3285E+1	-1.9337E+1	-2.7219E+1
1.7141E+3	1.1092E+1	-1.2475E+0	2.8964E+1	-1.6093E+1	-1.3397E+1	-1.9266E+1	-2.7641E+1
1.8509E+3	1.1075E+1	-1.5105E+0	2.8653E+1	-1.6210E+1	-1.3521E+1	-1.9160E+1	-2.8023E+1
1.9986E+3	1.1055E+1	-1.8039E+0	2.8369E+1	-1.6308E+1	-1.3659E+1	-1.9012E+1	-2.8346E+1
2.1581E+3	1.1030E+1	-2.1291E+0	2.8127E+1	-1.6386E+1	-1.3805E+1	-1.8829E+1	-2.8555E+1
2.3303E+3	1.1000E+1	-2.4841E+0	2.7946E+1	-1.6428E+1	-1.3953E+1	-1.8624E+1	-2.8638E+1
2.5162E+3	1.0965E+1	-2.8685E+0	2.7842E+1	-1.6423E+1	-1.4096E+1	-1.8414E+1	-2.8610E+1
2.7170E+3	1.0923E+1	-3.2782E+0	2.7834E+1	-1.6352E+1	-1.4222E+1	-1.8216E+1	-2.8547E+1
2.9338E+3	1.0873E+1	-3.7085E+0	2.7938E+1	-1.6205E+1	-1.4318E+1	-1.8044E+1	-2.8524E+1
3.1680E+3	1.0816E+1	-4.1535E+0	2.8163E+1	-1.5987E+1	-1.4369E+1	-1.7911E+1	-2.8595E+1
3.4208E+3	1.0750E+1	-4.6027E+0	2.8512E+1	-1.5702E+1	-1.4371E+1	-1.7821E+1	-2.8790E+1
3.6938E+3	1.0675E+1	-5.0430E+0	2.8989E+1	-1.5368E+1	-1.4321E+1	-1.7755E+1	-2.9068E+1
3.9885E+3	1.0592E+1	-5.4562E+0	2.9591E+1	-1.5008E+1	-1.4227E+1	-1.7685E+1	-2.9313E+1
4.3068E+3	1.0503E+1	-5.8258E+0	3.0293E+1	-1.4642E+1	-1.4110E+1	-1.7578E+1	-2.9399E+1
4.6505E+3	1.0409E+1	-6.1318E+0	3.1042E+1	-1.4296E+1	-1.3994E+1	-1.7414E+1	-2.9316E+1
5.0216E+3	1.0313E+1	-6.3599E+0	3.1586E+1	-1.3988E+1	-1.3893E+1	-1.7203E+1	NaN
5.4223E+3	1.0217E+1	-6.5080E+0	3.2238E+1	-1.3729E+1	-1.3820E+1	-1.6977E+1	NaN
5.8550E+3	1.0122E+1	-6.5795E+0	3.2714E+1	-1.3518E+1	-1.3773E+1	-1.6863E+1	NaN
6.3223E+3	1.0031E+1	-6.5926E+0	2.9755E+1	-1.3345E+1	-1.3742E+1	NaN	NaN
6.8268E+3	9.9455E+0	-6.5737E+0	3.0069E+1	-1.3197E+1	-1.3715E+1	NaN	NaN
7.3716E+3	9.8665E+0	-6.5367E+0	3.0362E+1	-1.3063E+1	-1.3687E+1	NaN	NaN
7.9599E+3	9.7940E+0	-6.4900E+0	2.9827E+1	-1.2943E+1	-1.4182E+1	NaN	NaN
8.5951E+3	9.7281E+0	-6.4372E+0	2.2815E+1	-1.2836E+1	NaN	NaN	NaN
9.2810E+3	9.6687E+0	-6.3865E+0	2.3066E+1	-1.2740E+1	NaN	NaN	NaN
1.0022E+4	9.6157E+0	-6.3407E+0	2.3287E+1	-1.2658E+1	NaN	NaN	NaN
1.0821E+4	9.5689E+0	-6.3055E+0	2.3486E+1	-1.2584E+1	NaN	NaN	NaN
1.1685E+4	9.5275E+0	-6.2857E+0	2.3453E+1	-1.2596E+1	NaN	NaN	NaN
1.2617E+4	9.4917E+0	-6.2854E+0	NaN	NaN	NaN	NaN	NaN
1.3624E+4	9.4608E+0	-6.3081E+0	NaN	NaN	NaN	NaN	NaN
1.4711E+4	9.4342E+0	-6.3581E+0	NaN	NaN	NaN	NaN	NaN
1.5885E+4	9.4116E+0	-6.4393E+0	NaN	NaN	NaN	NaN	NaN
1.7153E+4	9.3922E+0	-6.5554E+0	NaN	NaN	NaN	NaN	NaN
1.8522E+4	9.3762E+0	-6.7092E+0	NaN	NaN	NaN	NaN	NaN
2.0000E+4	9.3635E+0	-6.9052E+0	NaN	NaN	NaN	NaN	NaN
