1.0000E+1	8.4886E+0	4.7143E+1	4.5479E+1	-1.1245E+1	-1.1089E+1	-1.3033E+1	-2.3751E+1
1.0798E+1	8.6334E+0	4.4102E+1	4.4815E+1	-1.1286E+1	-1.1309E+1	-1.3123E+1	-2.4251E+1
1.1660E+1	8.7664E+0	4.1234E+1	4.4215E+1	-1.1336E+1	-1.1497E+1	-1.3213E+1	-2.4664E+1
1.2590E+1	8.8863E+0	3.8533E+1	4.3686E+1	-1.1385E+1	-1.1663E+1	-1.3296E+1	-2.5028E+1
1.3595E+1	8.9945E+0	3.5988E+1	4.3221E+1	-1.1432E+1	-1.1808E+1	-1.3370E+1	-2.5344E+1
1.4680E+1	9.0913E+0	3.3597E+1	4.2818E+1	-1.1473E+1	-1.1937E+1	-1.3434E+1	-2.5630E+1
1.5851E+1	9.1787E+0	3.1352E+1	4.2464E+1	-1.1514E+1	-1.2047E+1	-1.3492E+1	-2.5867E+1
1.7116E+1	9.2568E+0	2.9249E+1	4.2164E+1	-1.1547E+1	-1.2145E+1	-1.3538E+1	-2.6096E+1
1.8482E+1	9.3271E+0	2.7277E+1	4.1897E+1	-1.1585E+1	-1.2226E+1	-1.3581E+1	-2.6264E+1
1.9957E+1	9.3895E+0	2.5431E+1	4.1679E+1	-1.1610E+1	-1.2300E+1	-1.3611E+1	-2.6450E+1
2.1550E+1	9.4463E+0	2.3706E+1	4.1481E+1	-1.1645E+1	-1.2354E+1	-1.3641E+1	-2.6561E+1
2.3269E+1	9.4964E+0	2.2093E+1	4.1333E+1	-1.1663E+1	-1.2409E+1	-1.3654E+1	-2.6727E+1
2.5126E+1	9.5427E+0	2.0593E+1	4.1188E+1	-1.1699E+1	-1.2440E+1	-1.3675E+1	-2.6780E+1
2.7131E+1	9.5826E+0	1.9191E+1	4.1102E+1	-1.1708E+1	-1.2480E+1	-1.3671E+1	-2.6943E+1
2.9296E+1	9.6211E+0	1.7892E+1	4.1005E+1	-1.1746E+1	-1.2489E+1	-1.3681E+1	-2.6946E+1
3.1634E+1	9.6535E+0	1.6685E+1	4.0980E+1	-1.1745E+1	-1.2516E+1	-1.3659E+1	-2.7124E+1
3.4159E+1	9.6861E+0	1.5569E+1	4.0929E+1	-1.1783E+1	-1.2505E+1	-1.3658E+1	-2.7083E+1
3.6884E+1	9.7129E+0	1.4535E+1	4.0962E+1	-1.1769E+1	-1.2525E+1	-1.3617E+1	-2.7298E+1
3.9828E+1	9.7418E+0	1.3583E+1	4.0950E+1	-1.1808E+1	-1.2498E+1	-1.3606E+1	-2.7225E+1
4.3006E+1	9.7646E+0	1.2704E+1	4.1035E+1	-1.1780E+1	-1.2513E+1	-1.3549E+1	-2.7488E+1
4.6438E+1	9.7913E+0	1.1899E+1	4.1057E+1	-1.1818E+1	-1.2472E+1	-1.3531E+1	-2.7388E+1
5.0144E+1	9.8116E+0	1.1156E+1	4.1188E+1	-1.1777E+1	-1.2483E+1	-1.3461E+1	-2.7703E+1
5.4145E+1	9.8371E+0	1.0481E+1	4.1238E+1	-1.1812E+1	-1.2432E+1	-1.3439E+1	-2.7583E+1
5.8466E+1	9.8570E+0	9.8608E+0	4.1405E+1	-1.1757E+1	-1.2442E+1	-1.3361E+1	-2.7954E+1
6.3132E+1	9.8832E+0	9.3009E+0	4.1475E+1	-1.1786E+1	-1.2385E+1	-1.3340E+1	-2.7823E+1
6.8170E+1	9.9035E+0	8.7894E+0	4.1662E+1	-1.1718E+1	-1.2397E+1	-1.3265E+1	-2.8228E+1
7.3610E+1	9.9315E+0	8.3299E+0	4.1738E+1	-1.1738E+1	-1.2339E+1	-1.3254E+1	-2.8083E+1
7.9484E+1	9.9544E+0	7.9114E+0	4.1918E+1	-1.1661E+1	-1.2353E+1	-1.3196E+1	-2.8487E+1
8.5827E+1	9.9852E+0	7.5379E+0	4.1979E+1	-1.1668E+1	-1.2304E+1	-1.3205E+1	-2.8343E+1
9.2676E+1	1.0012E+1	7.1968E+0	4.2132E+1	-1.1577E+1	-1.2330E+1	-1.3174E+1	-2.8764E+1
1.0007E+2	1.0046E+1	6.8933E+0	4.2154E+1	-1.1565E+1	-1.2299E+1	-1.3215E+1	-2.8668E+1
1.0806E+2	1.0082E+1	6.6180E+0	4.2154E+1	-1.1534E+1	-1.2290E+1	-1.3272E+1	-2.8676E+1
1.1668E+2	1.0117E+1	6.3637E+0	4.2192E+1	-1.1432E+1	-1.2345E+1	-1.3316E+1	-2.9132E+1
1.2599E+2	1.0160E+1	6.1337E+0	4.2064E+1	-1.1414E+1	-1.2347E+1	-1.3444E+1	-2.9101E+1
1.3605E+2	1.0205E+1	5.9173E+0	4.1904E+1	-1.1370E+1	-1.2387E+1	-1.3588E+1	-2.9305E+1
1.4690E+2	1.0253E+1	5.7103E+0	4.1677E+1	-1.1325E+1	-1.2453E+1	-1.3761E+1	-2.9635E+1
1.5863E+2	1.0303E+1	5.5057E+0	4.1427E+1	-1.1249E+1	-1.2572E+1	-1.3940E+1	-3.0277E+1
1.7128E+2	1.0360E+1	5.3038E+0	4.1021E+1	-1.1243E+1	-1.2672E+1	-1.4175E+1	-3.0566E+1
1.8495E+2	1.0419E+1	5.0895E+0	4.0621E+1	-1.1203E+1	-1.2842E+1	-1.4382E+1	-3.1099E+1
1.9971E+2	1.0484E+1	4.8671E+0	4.0118E+1	-1.1224E+1	-1.3010E+1	-1.4593E+1	-3.1082E+1
2.1565E+2	1.0549E+1	4.6217E+0	3.9658E+1	-1.1226E+1	-1.3244E+1	-1.4724E+1	-3.0983E+1
2.3286E+2	1.0617E+1	4.3552E+0	3.9195E+1	-1.1262E+1	-1.3496E+1	-1.4784E+1	-3.0466E+1
2.5144E+2	1.0687E+1	4.0658E+0	3.8730E+1	-1.1347E+1	-1.3742E+1	-1.4770E+1	-2.9684E+1
2.7151E+2	1.0756E+1	3.7495E+0	3.8337E+1	-1.1437E+1	-1.3994E+1	-1.4676E+1	-2.9173E+1
2.9317E+2	1.0821E+1	3.4065E+0	3.8025E+1	-1.1524E+1	-1.4226E+1	-1.4537E+1	-2.9184E+1
3.1657E+2	1.0884E+1	3.0421E+0	3.7713E+1	-1.1648E+1	-1.4357E+1	-1.4433E+1	-2.9588E+1
3.4183E+2	1.0940E+1	2.6620E+0	3.7462E+1	-1.1760E+1	-1.4389E+1	-1.4386E+1	-3.0749E+1
3.6911E+2	1.0988E+1	2.2754E+0	3.7300E+1	-1.1840E+1	-1.4325E+1	-1.4413E+1	-3.2752E+1
3.9857E+2	1.1028E+1	1.8952E+0	3.7213E+1	-1.1906E+1	-1.4157E+1	-1.4527E+1	-3.4615E+1
4.3037E+2	1.1056E+1	1.5354E+0	3.7291E+1	-1.1910E+1	-1.3967E+1	-1.4660E+1	-3.4820E+1
4.6472E+2	1.1073E+1	1.2051E+0	3.7551E+1	-1.1849E+1	-1.3806E+1	-1.4736E+1	-3.3509E+1
5.0180E+2	1.1081E+1	8.8338E-1	3.7986E+1	-1.1733E+1	-1.3704E+1	-1.4684E+1	-3.2402E+1
5.4184E+2	1.1085E+1	5.8055E-1	3.8411E+1	-1.1626E+1	-1.3651E+1	-1.4562E+1	-3.1850E+1
5.8508E+2	1.1084E+1	3.6194E-1	3.8644E+1	-1.1558E+1	-1.3652E+1	-1.4472E+1	-3.1895E+1
6.3177E+2	1.1082E+1	2.0876E-1	3.8732E+1	-1.1524E+1	-1.3670E+1	-1.4432E+1	-3.2083E+1
6.8219E+2	1.1081E+1	1.2115E-1	3.8651E+1	-1.1545E+1	-1.3675E+1	-1.4460E+1	-3.2132E+1
7.3663E+2	1.1080E+1	3.1741E-2	3.8533E+1	-1.1578E+1	-1.3679E+1	-1.4502E+1	-3.2163E+1
7.9541E+2	1.1080E+1	-6.7975E-2	3.8387E+1	-1.1618E+1	-1.3685E+1	-1.4553E+1	-3.2192E+1
8.5889E+2	1.1079E+1	-1.8044E-1	3.8212E+1	-1.1667E+1	-1.3693E+1	-1.4614E+1	-3.2223E+1
9.2743E+2	1.1078E+1	-3.0842E-1	3.8006E+1	-1.1725E+1	-1.3704E+1	-1.4683E+1	-3.2261E+1
1.0014E+3	1.1076E+1	-4.5346E-1	3.7766E+1	-1.1793E+1	-1.3721E+1	-1.4762E+1	-3.2299E+1
1.0814E+3	1.1074E+1	-6.1907E-1	3.7485E+1	-1.1875E+1	-1.3740E+1	-1.4853E+1	-3.2316E+1
1.1676E+3	1.1071E+1	-8.0591E-1	3.7174E+1	-1.1964E+1	-1.3769E+1	-1.4948E+1	-3.2366E+1
1.2608E+3	1.1067E+1	-1.0169E+0	3.6838E+1	-1.2058E+1	-1.3813E+1	-1.5043E+1	-3.2454E+1
1.3614E+3	1.1062E+1	-1.2531E+0	3.6463E+1	-1.2169E+1	-1.3863E+1	-1.5141E+1	-3.2520E+1
1.4701E+3	1.1055E+1	-1.5167E+0	3.6071E+1	-1.2284E+1	-1.3930E+1	-1.5227E+1	-3.2630E+1
1.5874E+3	1.1046E+1	-1.8095E+0	3.5656E+1	-1.2412E+1	-1.4009E+1	-1.5303E+1	-3.2752E+1
1.7141E+3	1.1035E+1	-2.1317E+0	3.5243E+1	-1.2540E+1	-1.4108E+1	-1.5353E+1	-3.2931E+1
1.8509E+3	1.1021E+1	-2.4853E+0	3.4832E+1	-1.2674E+1	-1.4221E+1	-1.5377E+1	-3.3144E+1
1.9986E+3	1.1004E+1	-2.8697E+0	3.4452E+1	-1.2799E+1	-1.4356E+1	-1.5366E+1	-3.3415E+1
2.1581E+3	1.0982E+1	-3.2860E+0	3.4112E+1	-1.2915E+1	-1.4504E+1	-1.5320E+1	-3.3704E+1
2.3303E+3	1.0956E+1	-3.7332E+0	3.3835E+1	-1.3010E+1	-1.4664E+1	-1.5241E+1	-3.3966E+1
2.5162E+3	1.0924E+1	-4.2105E+0	3.3633E+1	-1.3076E+1	-1.4830E+1	-1.5142E+1	-3.4116E+1
2.7170E+3	1.0885E+1	-4.7155E+0	3.3528E+1	-1.3099E+1	-1.4993E+1	-1.5036E+1	-3.4060E+1
2.9338E+3	1.0839E+1	-5.2426E+0	3.3541E+1	-1.3068E+1	-1.5137E+1	-1.4934E+1	-3.3764E+1
3.1680E+3	1.0786E+1	-5.7839E+0	3.3682E+1	-1.2980E+1	-1.5243E+1	-1.4851E+1	-3.3295E+1
3.4208E+3	1.0723E+1	-6.3282E+0	3.3956E+1	-1.2833E+1	-1.5298E+1	-1.4793E+1	-3.2798E+1
3.6938E+3	1.0652E+1	-6.8603E+0	3.4371E+1	-1.2633E+1	-1.5296E+1	-1.4751E+1	-3.2425E+1
3.9885E+3	1.0573E+1	-7.3603E+0	3.4928E+1	-1.2393E+1	-1.5235E+1	-1.4710E+1	-3.2261E+1
4.3068E+3	1.0487E+1	-7.8069E+0	3.5615E+1	-1.2127E+1	-1.5135E+1	-1.4643E+1	-3.2301E+1
4.6505E+3	1.0396E+1	-8.1795E+0	3.6400E+1	-1.1855E+1	-1.5024E+1	-1.4530E+1	-3.2477E+1
5.0216E+3	1.0303E+1	-8.4634E+0	3.7149E+1	-1.1596E+1	-1.4919E+1	-1.4372E+1	NaN
5.4223E+3	1.0209E+1	-8.6524E+0	3.7938E+1	-1.1365E+1	-1.4844E+1	-1.4188E+1	NaN
5.8550E+3	1.0116E+1	-8.7513E+0	3.8527E+1	-1.1168E+1	-1.4801E+1	-1.4099E+1	NaN
6.3223E+3	1.0026E+1	-8.7699E+0	3.3548E+1	-1.1006E+1	-1.4786E+1	NaN	NaN
6.8268E+3	9.9412E+0	-8.7246E+0	3.3908E+1	-1.0876E+1	-1.4782E+1	NaN	NaN
7.3716E+3	9.8623E+0	-8.6461E+0	3.4224E+1	-1.0765E+1	-1.4779E+1	NaN	NaN
7.9599E+3	9.7899E+0	-8.5568E+0	3.3964E+1	-1.0663E+1	-1.5300E+1	NaN	NaN
8.5951E+3	9.7243E+0	-8.4658E+0	2.9605E+1	-1.0573E+1	NaN	NaN	NaN
9.2810E+3	9.6650E+0	-8.3822E+0	2.9885E+1	-1.0491E+1	NaN	NaN	NaN
1.0022E+4	9.6122E+0	-8.3123E+0	3.0135E+1	-1.0419E+1	NaN	NaN	NaN
1.0821E+4	9.5655E+0	-8.2621E+0	3.0363E+1	-1.0353E+1	NaN	NaN	NaN
1.1685E+4	9.5244E+0	-8.2370E+0	3.0300E+1	-1.0371E+1	NaN	NaN	NaN
1.2617E+4	9.4888E+0	-8.2419E+0	NaN	NaN	NaN	NaN	NaN
1.3624E+4	9.4578E+0	-8.2826E+0	NaN	NaN	NaN	NaN	NaN
1.4711E+4	9.4311E+0	-8.3643E+0	NaN	NaN	NaN	NaN	NaN
1.5885E+4	9.4082E+0	-8.4908E+0	NaN	NaN	NaN	NaN	NaN
1.7153E+4	9.3886E+0	-8.6675E+0	NaN	NaN	NaN	NaN	NaN
1.8522E+4	9.3722E+0	-8.9008E+0	NaN	NaN	NaN	NaN	NaN
2.0000E+4	9.3587E+0	-9.1941E+0	NaN	NaN	NaN	NaN	NaN
